time,enrolled,available,waitlisted,total
2025-01-09T15:26:46,0,9999,0,9999
2025-01-09T16:00:37,0,9999,0,9999
2025-01-09T16:34:36,0,9999,0,9999
2025-01-09T17:08:36,0,9999,0,9999
2025-01-09T17:42:26,0,9999,0,9999
2025-01-09T18:16:25,0,9999,0,9999
2025-01-09T18:50:25,0,9999,0,9999
2025-01-09T19:24:16,0,9999,0,9999
2025-01-09T19:58:16,0,9999,0,9999
2025-01-09T20:32:07,0,9999,0,9999
2025-01-09T21:06:06,0,9999,0,9999
2025-01-09T21:39:57,0,9999,0,9999
2025-01-09T22:13:47,0,9999,0,9999
2025-01-09T22:47:45,0,9999,0,9999
2025-01-09T23:21:36,0,9999,0,9999
2025-01-09T23:55:27,0,9999,0,9999
2025-01-10T00:29:35,0,9999,0,9999
2025-01-10T01:03:31,0,9999,0,9999
2025-01-10T01:37:28,0,9999,0,9999
2025-01-10T02:11:29,0,9999,0,9999
2025-01-10T02:45:25,0,9999,0,9999
2025-01-10T03:19:23,0,9999,0,9999
2025-01-10T03:53:19,0,9999,0,9999
2025-01-10T04:37:47,0,9999,0,9999
2025-01-10T05:11:45,0,9999,0,9999
2025-01-10T05:45:43,0,9999,0,9999
2025-01-10T06:19:40,0,9999,0,9999
2025-01-10T06:53:35,0,9999,0,9999
2025-01-10T07:27:30,0,9999,0,9999
2025-01-10T08:01:22,0,9999,0,9999
2025-01-10T08:35:20,0,9999,0,9999
2025-01-10T09:09:11,0,9999,0,9999
2025-01-10T09:43:13,0,9999,0,9999
2025-01-10T10:17:02,0,9999,0,9999
2025-01-10T10:51:01,0,9999,0,9999
2025-01-10T11:24:52,0,9999,0,9999
2025-01-10T11:58:51,0,9999,0,9999
2025-01-10T12:32:51,0,9999,0,9999
2025-01-10T13:06:41,0,9999,0,9999
2025-01-10T13:40:40,1,9998,0,9999
2025-01-10T14:14:30,1,9998,0,9999
2025-01-10T14:48:33,1,9998,0,9999
2025-01-10T15:22:35,1,9998,0,9999
2025-01-10T15:56:29,1,9998,0,9999
2025-01-10T16:30:29,1,9998,0,9999
2025-01-10T17:04:22,1,9998,0,9999
2025-01-10T17:38:24,1,9998,0,9999
2025-01-10T18:12:15,1,9998,0,9999
2025-01-10T18:46:16,1,9998,0,9999
2025-01-10T19:20:07,1,9998,0,9999
2025-01-10T19:53:58,1,9998,0,9999
2025-01-10T20:27:59,1,9998,0,9999
2025-01-10T21:01:50,1,9998,0,9999
2025-01-10T21:35:42,1,9998,0,9999
2025-01-10T22:09:44,1,9998,0,9999
2025-01-10T22:43:35,1,9998,0,9999
2025-01-10T23:17:27,1,9998,0,9999
2025-01-10T23:51:19,1,9998,0,9999
2025-01-11T00:25:28,1,9998,0,9999
2025-01-11T00:59:27,1,9998,0,9999
2025-01-11T01:33:25,1,9998,0,9999
2025-01-11T02:07:19,1,9998,0,9999
2025-01-11T02:41:10,1,9998,0,9999
2025-01-11T03:15:05,1,9998,0,9999
2025-01-11T03:48:59,1,9998,0,9999
2025-01-11T04:33:16,1,9998,0,9999
2025-01-11T05:07:35,1,9998,0,9999
2025-01-11T05:41:32,1,9998,0,9999
2025-01-11T06:15:29,1,9998,0,9999
2025-01-11T06:49:24,1,9998,0,9999
2025-01-11T07:23:21,1,9998,0,9999
2025-01-11T07:57:16,1,9998,0,9999
2025-01-11T08:31:28,1,9998,0,9999
2025-01-11T09:05:23,1,9998,0,9999
2025-01-11T09:39:17,1,9998,0,9999
2025-01-11T10:13:08,1,9998,0,9999
2025-01-11T10:46:58,1,9998,0,9999
2025-01-11T11:20:58,1,9998,0,9999
2025-01-11T11:54:49,1,9998,0,9999
2025-01-11T12:28:40,1,9998,0,9999
2025-01-11T13:02:47,1,9998,0,9999
2025-01-11T13:36:39,1,9998,0,9999
2025-01-11T14:10:30,1,9998,0,9999
2025-01-11T14:44:21,1,9998,0,9999
2025-01-11T15:18:20,1,9998,0,9999
2025-01-11T15:52:13,1,9998,0,9999
2025-01-11T16:26:04,1,9998,0,9999
2025-01-11T16:59:58,1,9998,0,9999
2025-01-11T17:34:07,1,9998,0,9999
2025-01-11T18:07:59,1,9998,0,9999
2025-01-11T18:41:51,1,9998,0,9999
2025-01-11T19:15:42,1,9998,0,9999
2025-01-11T19:49:49,1,9998,0,9999
2025-01-11T20:23:41,1,9998,0,9999
2025-01-11T20:57:32,1,9998,0,9999
2025-01-11T21:31:24,1,9998,0,9999
2025-01-11T22:05:28,1,9998,0,9999
2025-01-11T22:39:19,1,9998,0,9999
2025-01-11T23:13:12,1,9998,0,9999
2025-01-11T23:47:03,1,9998,0,9999
2025-01-12T00:21:06,1,9998,0,9999
2025-01-12T00:55:02,1,9998,0,9999
2025-01-12T01:28:55,1,9998,0,9999
2025-01-12T02:02:51,1,9998,0,9999
2025-01-12T02:36:45,1,9998,0,9999
2025-01-12T03:10:37,1,9998,0,9999
2025-01-12T03:44:32,1,9998,0,9999
2025-01-12T04:34:59,1,9998,0,9999
2025-01-12T05:11:08,1,9998,0,9999
2025-01-12T05:45:08,1,9998,0,9999
2025-01-12T06:19:05,1,9998,0,9999
2025-01-12T06:53:03,1,9998,0,9999
2025-01-12T07:27:01,1,9998,0,9999
2025-01-12T08:00:59,1,9998,0,9999
2025-01-12T08:35:16,1,9998,0,9999
2025-01-12T09:09:13,1,9998,0,9999
2025-01-12T09:43:14,1,9998,0,9999
2025-01-12T10:17:13,1,9998,0,9999
2025-01-12T10:51:07,1,9998,0,9999
2025-01-12T11:25:14,1,9998,0,9999
2025-01-12T11:59:06,1,9998,0,9999
2025-01-12T12:32:59,1,9998,0,9999
2025-01-12T13:06:50,1,9998,0,9999
2025-01-12T13:40:51,1,9998,0,9999
2025-01-12T14:14:44,1,9998,0,9999
2025-01-12T14:49:06,1,9998,0,9999
2025-01-12T15:22:59,1,9998,0,9999
2025-01-12T15:56:58,1,9998,0,9999
2025-01-12T16:30:50,1,9998,0,9999
2025-01-12T17:04:49,1,9998,0,9999
2025-01-12T17:38:43,1,9998,0,9999
2025-01-12T18:12:43,1,9998,0,9999
2025-01-12T18:47:15,1,9998,0,9999
2025-01-12T19:21:17,1,9998,0,9999
2025-01-12T19:55:09,1,9998,0,9999
2025-01-12T20:29:00,1,9998,0,9999
2025-01-12T21:03:10,1,9998,0,9999
2025-01-12T21:37:07,1,9998,0,9999
2025-01-12T22:11:09,1,9998,0,9999
2025-01-12T22:45:01,1,9998,0,9999
2025-01-12T23:19:09,1,9998,0,9999
2025-01-12T23:53:07,1,9998,0,9999
2025-01-13T00:27:13,1,9998,0,9999
2025-01-13T01:01:17,1,9998,0,9999
2025-01-13T01:35:17,1,9998,0,9999
2025-01-13T02:09:19,1,9998,0,9999
2025-01-13T02:43:37,1,9998,0,9999
2025-01-13T03:17:33,1,9998,0,9999
2025-01-13T03:51:28,1,9998,0,9999
2025-01-13T04:40:59,1,9998,0,9999
2025-01-13T05:14:56,1,9998,0,9999
2025-01-13T05:48:55,1,9998,0,9999
2025-01-13T06:23:18,1,9998,0,9999
2025-01-13T06:57:12,1,9998,0,9999
2025-01-13T07:31:08,1,9998,0,9999
2025-01-13T08:05:00,1,9998,0,9999
2025-01-13T08:39:01,1,9998,0,9999
2025-01-13T09:12:54,1,9998,0,9999
2025-01-13T09:46:56,1,9998,0,9999
2025-01-13T10:20:59,1,9998,0,9999
2025-01-13T10:55:03,1,9998,0,9999
2025-01-13T11:29:08,1,9998,0,9999
2025-01-13T12:03:21,1,9998,0,9999
2025-01-13T12:37:14,1,9998,0,9999
2025-01-13T13:11:16,1,9998,0,9999
2025-01-13T13:45:07,1,9998,0,9999
2025-01-13T14:19:13,1,9998,0,9999
2025-01-13T14:53:26,1,9998,0,9999
2025-01-13T15:27:29,1,9998,0,9999
2025-01-13T16:01:21,1,9998,0,9999
2025-01-13T16:35:23,1,9998,0,9999
2025-01-13T17:09:14,1,9998,0,9999
2025-01-13T17:43:16,1,9998,0,9999
2025-01-13T18:17:07,1,9998,0,9999
2025-01-13T18:51:07,1,9998,0,9999
2025-01-13T19:24:58,1,9998,0,9999
2025-01-13T19:58:58,1,9998,0,9999
2025-01-13T20:32:49,1,9998,0,9999
2025-01-13T21:06:40,1,9998,0,9999
2025-01-13T21:40:45,1,9998,0,9999
2025-01-13T22:14:36,1,9998,0,9999
2025-01-13T22:48:27,1,9998,0,9999
2025-01-13T23:22:30,1,9998,0,9999
2025-01-13T23:56:22,1,9998,0,9999
2025-01-14T00:30:29,1,9998,0,9999
2025-01-14T01:04:27,1,9998,0,9999
2025-01-14T01:38:24,1,9998,0,9999
2025-01-14T02:12:23,1,9998,0,9999
2025-01-14T02:46:27,1,9998,0,9999
2025-01-14T03:20:19,1,9998,0,9999
2025-01-14T03:54:15,1,9998,0,9999
2025-01-14T04:36:33,1,9998,0,9999
2025-01-14T05:10:30,1,9998,0,9999
2025-01-14T05:44:32,1,9998,0,9999
2025-01-14T06:18:28,1,9998,0,9999
2025-01-14T06:52:25,1,9998,0,9999
2025-01-14T07:26:25,1,9998,0,9999
2025-01-14T08:00:18,1,9998,0,9999
2025-01-14T08:34:13,1,9998,0,9999
2025-01-14T09:08:14,1,9998,0,9999
2025-01-14T09:42:05,1,9998,0,9999
2025-01-14T10:16:05,1,9998,0,9999
2025-01-14T10:49:57,1,9998,0,9999
2025-01-14T11:24:01,1,9998,0,9999
2025-01-14T11:58:03,1,9998,0,9999
2025-01-14T12:31:57,1,9998,0,9999
2025-01-14T13:05:58,1,9998,0,9999
2025-01-14T13:40:01,1,9998,0,9999
2025-01-14T14:13:53,1,9998,0,9999
2025-01-14T14:47:56,1,9998,0,9999
2025-01-14T15:21:59,1,9998,0,9999
2025-01-14T15:55:51,1,9998,0,9999
2025-01-14T16:29:55,1,9998,0,9999
2025-01-14T17:03:47,1,9998,0,9999
2025-01-14T17:37:49,1,9998,0,9999
2025-01-14T18:11:41,1,9998,0,9999
2025-01-14T18:45:44,1,9998,0,9999
2025-01-14T19:19:36,1,9998,0,9999
2025-01-14T19:53:37,1,9998,0,9999
2025-01-14T20:27:28,1,9998,0,9999
2025-01-14T21:01:20,1,9998,0,9999
2025-01-14T21:35:22,1,9998,0,9999
2025-01-14T22:09:15,1,9998,0,9999
2025-01-14T22:43:07,1,9998,0,9999
2025-01-14T23:17:08,1,9998,0,9999
2025-01-14T23:51:00,1,9998,0,9999
2025-01-15T00:24:56,1,9998,0,9999
2025-01-15T00:58:53,1,9998,0,9999
2025-01-15T01:33:05,1,9998,0,9999
2025-01-15T02:07:09,1,9998,0,9999
2025-01-15T02:41:19,1,9998,0,9999
2025-01-15T03:15:25,1,9998,0,9999
2025-01-15T03:49:23,1,9998,0,9999
2025-01-15T04:43:01,1,9998,0,9999
2025-01-15T05:17:00,1,9998,0,9999
2025-01-15T05:50:59,1,9998,0,9999
2025-01-15T06:24:55,1,9998,0,9999
2025-01-15T06:59:12,1,9998,0,9999
2025-01-15T07:33:08,1,9998,0,9999
2025-01-15T08:07:04,1,9998,0,9999
2025-01-15T08:41:17,1,9998,0,9999
2025-01-15T09:15:19,1,9998,0,9999
2025-01-15T09:49:12,1,9998,0,9999
2025-01-15T10:23:12,1,9998,0,9999
2025-01-15T10:57:04,1,9998,0,9999
2025-01-15T11:31:21,1,9998,0,9999
2025-01-15T12:05:31,1,9998,0,9999
2025-01-15T12:39:23,1,9998,0,9999
2025-01-15T13:13:26,1,9998,0,9999
2025-01-15T13:47:40,1,9998,0,9999
2025-01-15T14:21:47,1,9998,0,9999
2025-01-15T14:55:49,1,9998,0,9999
2025-01-15T15:29:41,1,9998,0,9999
2025-01-15T16:03:53,1,9998,0,9999
2025-01-15T16:37:47,1,9998,0,9999
2025-01-15T17:12:05,1,9998,0,9999
2025-01-15T17:45:58,1,9998,0,9999
2025-01-15T18:20:00,1,9998,0,9999
2025-01-15T18:53:52,1,9998,0,9999
2025-01-15T19:27:46,1,9998,0,9999
2025-01-15T20:01:48,1,9998,0,9999
2025-01-15T20:35:41,1,9998,0,9999
2025-01-15T21:09:33,1,9998,0,9999
2025-01-15T21:43:37,1,9998,0,9999
2025-01-15T22:17:32,1,9998,0,9999
2025-01-15T22:51:25,1,9998,0,9999
2025-01-15T23:25:29,1,9998,0,9999
2025-01-16T00:00:00,1,9998,0,9999
2025-01-16T00:34:10,1,9998,0,9999
2025-01-16T01:08:10,1,9998,0,9999
2025-01-16T01:42:08,1,9998,0,9999
2025-01-16T02:16:13,1,9998,0,9999
2025-01-16T02:50:26,1,9998,0,9999
2025-01-16T03:24:20,1,9998,0,9999
2025-01-16T03:58:18,1,9998,0,9999
2025-01-16T04:41:18,1,9998,0,9999
2025-01-16T05:15:16,1,9998,0,9999
2025-01-16T05:49:15,1,9998,0,9999
2025-01-16T06:23:15,1,9998,0,9999
2025-01-16T06:57:13,1,9998,0,9999
2025-01-16T07:31:15,1,9998,0,9999
2025-01-16T08:05:10,1,9998,0,9999
2025-01-16T08:39:14,1,9998,0,9999
2025-01-16T09:13:07,1,9998,0,9999
2025-01-16T09:47:01,1,9998,0,9999
2025-01-16T10:21:02,1,9998,0,9999
2025-01-16T10:54:58,1,9998,0,9999
2025-01-16T11:29:01,1,9998,0,9999
2025-01-16T12:02:55,1,9998,0,9999
2025-01-16T12:36:58,1,9998,0,9999
2025-01-16T13:10:51,1,9998,0,9999
2025-01-16T13:44:58,1,9998,0,9999
2025-01-16T14:18:53,1,9998,0,9999
2025-01-16T14:53:00,1,9998,0,9999
2025-01-16T15:26:56,1,9998,0,9999
2025-01-16T16:01:01,1,9998,0,9999
2025-01-16T16:34:55,1,9998,0,9999
2025-01-16T17:09:01,1,9998,0,9999
2025-01-16T17:42:55,1,9998,0,9999
2025-01-16T18:16:51,1,9998,0,9999
2025-01-16T18:50:55,1,9998,0,9999
2025-01-16T19:24:49,1,9998,0,9999
2025-01-16T19:58:54,1,9998,0,9999
2025-01-16T20:32:52,1,9998,0,9999
2025-01-16T21:07:00,1,9998,0,9999
2025-01-16T21:40:58,1,9998,0,9999
2025-01-16T22:14:55,1,9998,0,9999
2025-01-16T22:49:00,1,9998,0,9999
2025-01-16T23:22:56,1,9998,0,9999
2025-01-16T23:56:52,1,9998,0,9999
2025-01-17T00:30:54,1,9998,0,9999
2025-01-17T01:05:06,1,9998,0,9999
2025-01-17T01:39:09,1,9998,0,9999
2025-01-17T02:13:12,1,9998,0,9999
2025-01-17T02:47:13,1,9998,0,9999
2025-01-17T03:21:15,1,9998,0,9999
2025-01-17T03:55:15,1,9998,0,9999
2025-01-17T04:33:57,1,9998,0,9999
2025-01-17T05:07:59,1,9998,0,9999
2025-01-17T05:42:01,1,9998,0,9999
2025-01-17T06:16:03,1,9998,0,9999
2025-01-17T06:50:00,1,9998,0,9999
2025-01-17T07:24:08,1,9998,0,9999
2025-01-17T07:58:03,1,9998,0,9999
2025-01-17T08:32:01,1,9998,0,9999
2025-01-17T09:05:58,1,9998,0,9999
2025-01-17T09:40:03,1,9998,0,9999
2025-01-17T10:14:00,1,9998,0,9999
2025-01-17T10:48:06,1,9998,0,9999
2025-01-17T11:22:06,1,9998,0,9999
2025-01-17T11:56:18,1,9998,0,9999
2025-01-17T12:30:16,1,9998,0,9999
2025-01-17T13:04:22,1,9998,0,9999
2025-01-17T13:38:18,1,9998,0,9999
2025-01-17T14:12:30,1,9998,0,9999
2025-01-17T14:46:27,1,9998,0,9999
2025-01-17T15:20:35,1,9998,0,9999
2025-01-17T15:54:31,1,9998,0,9999
2025-01-17T16:28:29,1,9998,0,9999
2025-01-17T17:02:42,1,9998,0,9999
2025-01-17T17:36:40,1,9998,0,9999
2025-01-17T18:10:37,1,9998,0,9999
2025-01-17T18:44:43,1,9998,0,9999
2025-01-17T19:18:41,1,9998,0,9999
2025-01-17T19:52:39,1,9998,0,9999
2025-01-17T20:26:35,1,9998,0,9999
2025-01-17T21:00:50,1,9998,0,9999
2025-01-17T21:34:49,1,9998,0,9999
2025-01-17T22:08:48,1,9998,0,9999
2025-01-17T22:42:45,1,9998,0,9999
2025-01-17T23:16:51,1,9998,0,9999
2025-01-17T23:50:49,1,9998,0,9999
2025-01-18T00:24:51,1,9998,0,9999
2025-01-18T00:58:55,1,9998,0,9999
2025-01-18T01:32:58,1,9998,0,9999
2025-01-18T02:07:06,1,9998,0,9999
2025-01-18T02:41:04,1,9998,0,9999
2025-01-18T03:15:01,1,9998,0,9999
2025-01-18T03:49:02,1,9998,0,9999
2025-01-18T19:25:42,1,9998,0,9999
2025-01-18T19:59:39,1,9998,0,9999
2025-01-18T20:33:36,1,9998,0,9999
2025-01-18T21:07:42,1,9998,0,9999
2025-01-18T21:41:42,1,9998,0,9999
2025-01-18T22:15:39,1,9998,0,9999
2025-01-18T22:49:38,1,9998,0,9999
2025-01-18T23:23:37,1,9998,0,9999
2025-01-18T23:57:35,1,9998,0,9999
2025-01-19T00:31:36,1,9998,0,9999
2025-01-19T01:01:56,1,9998,0,9999
2025-01-19T01:36:00,1,9998,0,9999
2025-01-19T02:10:16,1,9998,0,9999
2025-01-19T02:44:19,1,9998,0,9999
2025-01-19T03:18:22,1,9998,0,9999
2025-01-19T03:52:25,1,9998,0,9999
2025-01-19T04:41:37,1,9998,0,9999
2025-01-19T05:15:41,1,9998,0,9999
2025-01-19T05:49:44,1,9998,0,9999
2025-01-19T06:23:49,1,9998,0,9999
2025-01-19T06:57:51,1,9998,0,9999
2025-01-19T07:31:54,1,9998,0,9999
2025-01-19T08:05:55,1,9998,0,9999
2025-01-19T08:40:07,1,9998,0,9999
2025-01-19T09:14:09,1,9998,0,9999
2025-01-19T09:48:11,1,9998,0,9999
2025-01-19T10:22:12,1,9998,0,9999
2025-01-19T10:56:12,1,9998,0,9999
2025-01-19T11:30:18,1,9998,0,9999
2025-01-19T12:04:15,1,9998,0,9999
2025-01-19T12:38:12,1,9998,0,9999
2025-01-19T13:12:09,1,9998,0,9999
2025-01-19T13:46:07,1,9998,0,9999
2025-01-19T14:20:04,1,9998,0,9999
2025-01-19T14:54:12,1,9998,0,9999
2025-01-19T15:28:10,1,9998,0,9999
2025-01-19T16:02:07,1,9998,0,9999
2025-01-19T16:36:05,1,9998,0,9999
2025-01-19T17:10:02,1,9998,0,9999
2025-01-19T17:44:08,1,9998,0,9999
2025-01-19T18:18:05,1,9998,0,9999
2025-01-19T18:52:06,1,9998,0,9999
2025-01-19T19:26:06,1,9998,0,9999
2025-01-19T20:00:07,1,9998,0,9999
2025-01-19T20:34:05,1,9998,0,9999
2025-01-19T21:08:10,1,9998,0,9999
2025-01-19T21:42:11,1,9998,0,9999
2025-01-19T22:16:09,1,9998,0,9999
2025-01-19T22:50:08,1,9998,0,9999
2025-01-19T23:24:16,1,9998,0,9999
2025-01-19T23:58:15,1,9998,0,9999
2025-01-20T00:32:23,1,9998,0,9999
2025-01-20T01:06:28,1,9998,0,9999
2025-01-20T01:40:36,1,9998,0,9999
2025-01-20T02:15:42,1,9998,0,9999
2025-01-20T02:49:43,1,9998,0,9999
2025-01-20T03:23:46,1,9998,0,9999
2025-01-20T03:57:48,1,9998,0,9999
2025-01-20T04:41:15,1,9998,0,9999
2025-01-20T05:16:44,1,9998,0,9999
2025-01-20T05:50:47,1,9998,0,9999
2025-01-20T06:24:51,1,9998,0,9999
2025-01-20T06:58:52,1,9998,0,9999
2025-01-20T07:32:55,1,9998,0,9999
2025-01-20T08:06:54,1,9998,0,9999
2025-01-20T08:40:55,1,9998,0,9999
2025-01-20T09:14:53,1,9998,0,9999
2025-01-20T09:49:05,1,9998,0,9999
2025-01-20T10:23:05,1,9998,0,9999
2025-01-20T10:57:03,1,9998,0,9999
2025-01-20T11:31:02,1,9998,0,9999
2025-01-20T12:05:11,1,9998,0,9999
2025-01-20T12:39:11,1,9998,0,9999
2025-01-20T13:13:08,1,9998,0,9999
2025-01-20T13:47:06,1,9998,0,9999
2025-01-20T14:21:05,1,9998,0,9999
2025-01-20T14:55:16,1,9998,0,9999
2025-01-20T15:29:14,1,9998,0,9999
2025-01-20T16:03:11,1,9998,0,9999
2025-01-20T16:37:07,1,9998,0,9999
2025-01-20T17:11:21,1,9998,0,9999
2025-01-20T17:45:18,1,9998,0,9999
2025-01-20T18:19:15,1,9998,0,9999
2025-01-20T18:53:12,1,9998,0,9999
2025-01-20T19:27:09,1,9998,0,9999
2025-01-20T20:01:06,1,9998,0,9999
2025-01-20T20:35:12,1,9998,0,9999
2025-01-20T21:09:10,1,9998,0,9999
2025-01-20T21:43:08,1,9998,0,9999
2025-01-20T22:17:05,1,9998,0,9999
2025-01-20T22:51:20,1,9998,0,9999
2025-01-20T23:25:19,1,9998,0,9999
2025-01-20T23:59:18,1,9998,0,9999
2025-01-21T00:33:21,1,9998,0,9999
2025-01-21T01:07:25,1,9998,0,9999
2025-01-21T01:41:38,1,9998,0,9999
2025-01-21T02:15:50,1,9998,0,9999
2025-01-21T02:49:52,1,9998,0,9999
2025-01-21T03:23:52,1,9998,0,9999
2025-01-21T03:57:53,1,9998,0,9999
2025-01-21T04:31:56,1,9998,0,9999
2025-01-21T05:07:28,1,9998,0,9999
2025-01-21T05:41:32,1,9998,0,9999
2025-01-21T06:15:37,1,9998,0,9999
2025-01-21T06:49:38,1,9998,0,9999
2025-01-21T07:23:38,1,9998,0,9999
2025-01-21T07:57:35,1,9998,0,9999
2025-01-21T08:31:43,1,9998,0,9999
2025-01-21T09:05:41,1,9998,0,9999
2025-01-21T09:39:39,1,9998,0,9999
2025-01-21T10:13:37,1,9998,0,9999
2025-01-21T10:47:43,1,9998,0,9999
2025-01-21T11:21:47,1,9998,0,9999
2025-01-21T11:55:53,1,9998,0,9999
2025-01-21T12:29:51,1,9998,0,9999
2025-01-21T13:03:57,1,9998,0,9999
2025-01-21T13:37:55,1,9998,0,9999
2025-01-21T14:11:54,1,9998,0,9999
2025-01-21T14:46:02,1,9998,0,9999
2025-01-21T15:20:00,1,9998,0,9999
2025-01-21T15:53:56,1,9998,0,9999
2025-01-21T16:28:02,1,9998,0,9999
2025-01-21T17:02:02,1,9998,0,9999
2025-01-21T17:36:00,1,9998,0,9999
2025-01-21T18:10:14,1,9998,0,9999
2025-01-21T18:44:24,1,9998,0,9999
2025-01-21T19:18:29,1,9998,0,9999
2025-01-21T19:52:26,1,9998,0,9999
2025-01-21T20:26:24,1,9998,0,9999
2025-01-21T21:00:29,1,9998,0,9999
2025-01-21T21:34:29,1,9998,0,9999
2025-01-21T22:08:27,1,9998,0,9999
2025-01-21T22:42:29,1,9998,0,9999
2025-01-21T23:16:34,1,9998,0,9999
2025-01-21T23:50:32,1,9998,0,9999
2025-01-22T00:24:36,1,9998,0,9999
2025-01-22T00:58:42,1,9998,0,9999
2025-01-22T01:32:48,1,9998,0,9999
2025-01-22T02:06:57,1,9998,0,9999
2025-01-22T02:41:18,1,9998,0,9999
2025-01-22T03:15:21,1,9998,0,9999
2025-01-22T03:49:24,1,9998,0,9999
2025-01-22T04:40:47,1,9998,0,9999
2025-01-22T05:14:52,1,9998,0,9999
2025-01-22T05:49:09,1,9998,0,9999
2025-01-22T06:23:12,1,9998,0,9999
2025-01-22T06:57:14,1,9998,0,9999
2025-01-22T07:31:13,1,9998,0,9999
2025-01-22T08:05:10,1,9998,0,9999
2025-01-22T08:39:15,1,9998,0,9999
2025-01-22T09:13:13,1,9998,0,9999
2025-01-22T09:47:11,1,9998,0,9999
2025-01-22T10:21:08,1,9998,0,9999
2025-01-22T10:55:13,1,9998,0,9999
2025-01-22T11:29:14,1,9998,0,9999
2025-01-22T12:03:12,1,9998,0,9999
2025-01-22T12:37:19,1,9998,0,9999
2025-01-22T13:11:17,1,9998,0,9999
2025-01-22T13:45:22,1,9998,0,9999
2025-01-22T14:19:19,1,9998,0,9999
2025-01-22T14:53:17,1,9998,0,9999
2025-01-22T15:27:22,1,9998,0,9999
2025-01-22T16:01:20,1,9998,0,9999
2025-01-22T16:35:17,1,9998,0,9999
2025-01-22T17:09:23,1,9998,0,9999
2025-01-22T17:43:21,1,9998,0,9999
2025-01-22T18:17:20,1,9998,0,9999
2025-01-22T18:51:17,1,9998,0,9999
2025-01-22T19:25:24,1,9998,0,9999
2025-01-22T19:59:22,1,9998,0,9999
2025-01-22T20:33:21,1,9998,0,9999
2025-01-22T21:07:19,1,9998,0,9999
2025-01-22T21:41:18,1,9998,0,9999
2025-01-22T22:15:22,1,9998,0,9999
2025-01-22T22:49:21,1,9998,0,9999
2025-01-22T23:23:22,1,9998,0,9999
2025-01-22T23:57:20,1,9998,0,9999
2025-01-23T00:31:23,1,9998,0,9999
2025-01-23T01:05:37,1,9998,0,9999
2025-01-23T01:39:42,1,9998,0,9999
2025-01-23T02:13:47,1,9998,0,9999
2025-01-23T02:47:47,1,9998,0,9999
2025-01-23T03:21:50,1,9998,0,9999
2025-01-23T03:55:55,1,9998,0,9999
2025-01-23T04:29:15,1,9998,0,9999
2025-01-23T05:04:33,1,9998,0,9999
2025-01-23T05:38:39,1,9998,0,9999
2025-01-23T06:12:43,1,9998,0,9999
2025-01-23T06:46:48,1,9998,0,9999
2025-01-23T07:20:51,1,9998,0,9999
2025-01-23T07:54:52,1,9998,0,9999
2025-01-23T08:28:52,1,9998,0,9999
2025-01-23T09:02:51,1,9998,0,9999
2025-01-23T09:36:57,1,9998,0,9999
2025-01-23T10:10:55,1,9998,0,9999
2025-01-23T10:44:55,1,9998,0,9999
2025-01-23T11:18:54,1,9998,0,9999
2025-01-23T11:52:59,1,9998,0,9999
2025-01-23T12:26:58,1,9998,0,9999
2025-01-23T13:00:56,1,9998,0,9999
2025-01-23T13:34:55,1,9998,0,9999
2025-01-23T14:09:02,1,9998,0,9999
2025-01-23T14:43:00,1,9998,0,9999
2025-01-23T15:17:10,1,9998,0,9999
2025-01-23T15:51:11,1,9998,0,9999
2025-01-23T16:25:11,1,9998,0,9999
2025-01-23T16:59:18,1,9998,0,9999
2025-01-23T17:33:17,1,9998,0,9999
2025-01-23T18:07:15,1,9998,0,9999
2025-01-23T18:41:14,1,9998,0,9999
2025-01-23T19:15:22,1,9998,0,9999
2025-01-23T19:49:22,1,9998,0,9999
2025-01-23T20:23:19,1,9998,0,9999
2025-01-23T20:57:16,1,9998,0,9999
2025-01-23T21:31:17,1,9998,0,9999
2025-01-23T22:05:23,1,9998,0,9999
2025-01-23T22:39:22,1,9998,0,9999
2025-01-23T23:13:19,1,9998,0,9999
2025-01-23T23:47:18,1,9998,0,9999
2025-01-24T00:21:19,1,9998,0,9999
2025-01-24T00:55:24,1,9998,0,9999
2025-01-24T01:29:36,1,9998,0,9999
2025-01-24T02:03:47,1,9998,0,9999
2025-01-24T02:38:05,1,9998,0,9999
2025-01-24T03:12:10,1,9998,0,9999
2025-01-24T03:46:13,1,9998,0,9999
2025-01-24T04:41:13,1,9998,0,9999
2025-01-24T05:15:19,1,9998,0,9999
2025-01-24T05:49:22,1,9998,0,9999
2025-01-24T06:23:27,1,9998,0,9999
2025-01-24T06:57:33,1,9998,0,9999
2025-01-24T07:31:38,1,9998,0,9999
2025-01-24T08:05:36,1,9998,0,9999
2025-01-24T08:39:39,1,9998,0,9999
2025-01-24T09:13:39,1,9998,0,9999
2025-01-24T09:47:44,1,9998,0,9999
2025-01-24T10:21:43,1,9998,0,9999
2025-01-24T10:55:42,1,9998,0,9999
2025-01-24T11:29:40,1,9998,0,9999
2025-01-24T12:03:47,1,9998,0,9999
2025-01-24T12:37:45,1,9998,0,9999
2025-01-24T13:11:43,1,9998,0,9999
2025-01-24T13:45:41,1,9998,0,9999
2025-01-24T14:19:48,1,9998,0,9999
2025-01-24T14:53:47,1,9998,0,9999
2025-01-24T15:27:55,1,9998,0,9999
2025-01-24T16:01:54,1,9998,0,9999
2025-01-24T16:35:54,1,9998,0,9999
2025-01-24T17:09:53,1,9998,0,9999
2025-01-24T17:44:01,1,9998,0,9999
2025-01-24T18:17:58,1,9998,0,9999
2025-01-24T18:51:56,1,9998,0,9999
2025-01-24T19:25:55,1,9998,0,9999
2025-01-24T19:59:54,1,9998,0,9999
2025-01-24T20:34:02,1,9998,0,9999
2025-01-24T21:08:01,1,9998,0,9999
2025-01-24T21:42:01,1,9998,0,9999
2025-01-24T22:15:59,1,9998,0,9999
2025-01-24T22:49:56,1,9998,0,9999
2025-01-24T23:23:56,1,9998,0,9999
2025-01-24T23:57:55,1,9998,0,9999
2025-01-25T00:32:09,1,9998,0,9999
2025-01-25T01:06:13,1,9998,0,9999
2025-01-25T01:40:16,1,9998,0,9999
2025-01-25T02:14:18,1,9998,0,9999
2025-01-25T02:48:18,1,9998,0,9999
2025-01-25T03:22:17,1,9998,0,9999
2025-01-25T03:57:05,1,9998,0,9999
2025-01-25T04:28:56,1,9998,0,9999
2025-01-25T05:03:02,1,9998,0,9999
2025-01-25T05:37:05,1,9998,0,9999
2025-01-25T06:11:11,1,9998,0,9999
2025-01-25T06:45:15,1,9998,0,9999
2025-01-25T07:19:19,1,9998,0,9999
2025-01-25T07:53:22,1,9998,0,9999
2025-01-25T08:27:37,1,9998,0,9999
2025-01-25T09:01:37,1,9998,0,9999
2025-01-25T09:35:36,1,9998,0,9999
2025-01-25T10:09:35,1,9998,0,9999
2025-01-25T10:43:34,1,9998,0,9999
2025-01-25T11:17:31,1,9998,0,9999
2025-01-25T11:51:37,1,9998,0,9999
2025-01-25T12:25:34,1,9998,0,9999
2025-01-25T12:59:31,1,9998,0,9999
2025-01-25T13:33:27,1,9998,0,9999
2025-01-25T14:07:25,1,9998,0,9999
2025-01-25T14:41:22,1,9998,0,9999
2025-01-25T15:15:22,1,9998,0,9999
2025-01-25T15:49:28,1,9998,0,9999
2025-01-25T16:23:26,1,9998,0,9999
2025-01-25T16:57:24,1,9998,0,9999
2025-01-25T17:31:23,1,9998,0,9999
2025-01-25T18:05:20,1,9998,0,9999
2025-01-25T18:39:28,1,9998,0,9999
2025-01-25T19:13:27,1,9998,0,9999
2025-01-25T19:47:25,1,9998,0,9999
2025-01-25T20:21:23,1,9998,0,9999
2025-01-25T20:55:38,1,9998,0,9999
2025-01-25T21:29:38,1,9998,0,9999
2025-01-25T22:03:38,1,9998,0,9999
2025-01-25T22:37:36,1,9998,0,9999
2025-01-25T23:11:37,1,9998,0,9999
2025-01-25T23:45:37,1,9998,0,9999
2025-01-26T00:19:38,1,9998,0,9999
2025-01-26T00:53:41,1,9998,0,9999
2025-01-26T01:27:48,1,9998,0,9999
2025-01-26T02:01:48,1,9998,0,9999
2025-01-26T02:35:46,1,9998,0,9999
2025-01-26T03:09:45,1,9998,0,9999
2025-01-26T03:43:58,1,9998,0,9999
2025-01-31T11:03:45,1,9998,0,9999
2025-01-31T11:37:46,1,9998,0,9999
2025-01-31T12:11:51,1,9998,0,9999
2025-01-31T12:45:48,1,9998,0,9999
