time,enrolled,available,waitlisted,total
2024-11-10T09:46:14,0,10,0,10
2024-11-10T10:18:19,0,10,0,10
2024-11-10T10:50:27,0,10,0,10
2024-11-10T11:22:28,0,10,0,10
2024-11-10T11:54:25,0,10,0,10
2024-11-10T12:26:33,0,10,0,10
2024-11-10T12:58:32,0,10,0,10
2024-11-10T13:30:33,0,10,0,10
2024-11-10T14:02:41,0,10,0,10
2024-11-10T14:34:41,0,10,0,10
2024-11-10T15:06:42,0,10,0,10
2024-11-10T15:38:44,0,10,0,10
2024-11-10T16:10:52,0,10,0,10
2024-11-10T16:42:50,0,10,0,10
2024-11-10T17:14:49,0,10,0,10
2024-11-10T17:46:58,0,10,0,10
2024-11-10T18:18:57,0,10,0,10
2024-11-10T18:50:57,0,10,0,10
2024-11-10T19:22:58,0,10,0,10
2024-11-10T19:55:08,0,10,0,10
2024-11-10T20:27:05,0,10,0,10
2024-11-10T20:59:03,0,10,0,10
2024-11-10T21:31:14,0,10,0,10
2024-11-10T22:03:13,0,10,0,10
2024-11-10T22:35:13,0,10,0,10
2024-11-10T23:07:24,0,10,0,10
2024-11-10T23:39:22,0,10,0,10
2024-11-11T00:11:21,0,10,0,10
2024-11-11T00:43:27,0,10,0,10
2024-11-11T01:15:39,0,10,0,10
2024-11-11T01:47:51,0,10,0,10
2024-11-11T02:19:54,0,10,0,10
2024-11-11T02:51:53,0,10,0,10
2024-11-11T03:23:54,0,10,0,10
2024-11-11T03:55:55,0,10,0,10
2024-11-11T04:51:38,0,10,0,10
2024-11-11T05:23:42,0,10,0,10
2024-11-11T05:55:48,0,10,0,10
2024-11-11T06:27:50,0,10,0,10
2024-11-11T06:59:53,0,10,0,10
2024-11-11T07:32:01,0,10,0,10
2024-11-11T08:04:00,0,10,0,10
2024-11-11T08:35:58,0,10,0,10
2024-11-11T09:07:55,0,10,0,10
2024-11-11T09:40:00,0,10,0,10
2024-11-11T10:11:57,0,10,0,10
2024-11-11T10:43:54,0,10,0,10
2024-11-11T11:16:02,0,10,0,10
2024-11-11T11:47:58,0,10,0,10
2024-11-11T12:19:55,0,10,0,10
2024-11-11T12:52:00,0,10,0,10
2024-11-11T13:23:57,0,10,0,10
2024-11-11T13:55:53,0,10,0,10
2024-11-11T14:28:02,0,10,0,10
2024-11-11T15:00:00,0,10,0,10
2024-11-11T15:31:57,0,10,0,10
2024-11-11T16:04:06,0,10,0,10
2024-11-11T16:36:03,0,10,0,10
2024-11-11T17:08:01,0,10,0,10
2024-11-11T17:40:08,0,10,0,10
2024-11-11T18:12:05,0,10,0,10
2024-11-11T18:44:01,0,10,0,10
2024-11-11T19:16:09,0,10,0,10
2024-11-11T19:48:05,0,10,0,10
2024-11-11T20:20:12,0,10,0,10
2024-11-11T20:52:08,0,10,0,10
2024-11-11T21:24:16,0,10,0,10
2024-11-11T21:56:14,0,10,0,10
2024-11-11T22:28:21,0,10,0,10
2024-11-11T23:00:19,0,10,0,10
2024-11-11T23:32:27,0,10,0,10
2024-11-12T00:07:05,0,10,0,10
2024-11-12T00:39:26,0,10,0,10
2024-11-12T01:11:30,0,10,0,10
2024-11-12T01:43:42,0,10,0,10
2024-11-12T02:15:55,0,10,0,10
2024-11-12T02:47:56,0,10,0,10
2024-11-12T03:19:56,0,10,0,10
2024-11-12T03:52:07,0,10,0,10
2024-11-12T04:39:53,0,10,0,10
2024-11-12T05:11:55,0,10,0,10
2024-11-12T05:44:01,0,10,0,10
2024-11-12T06:16:02,0,10,0,10
2024-11-12T06:48:03,0,10,0,10
2024-11-12T07:20:06,0,10,0,10
2024-11-12T07:52:11,0,10,0,10
2024-11-12T08:24:13,0,10,0,10
2024-11-12T08:56:12,0,10,0,10
2024-11-12T09:28:25,0,10,0,10
2024-11-12T10:00:28,0,10,0,10
2024-11-12T10:32:42,0,10,0,10
2024-11-12T11:05:06,0,10,0,10
2024-11-12T11:37:21,0,10,0,10
2024-11-12T12:09:36,0,10,0,10
2024-11-12T12:41:50,0,10,0,10
2024-11-12T13:14:09,0,10,0,10
2024-11-12T13:46:22,0,10,0,10
2024-11-12T14:18:38,0,10,0,10
2024-11-12T14:50:54,0,10,0,10
2024-11-12T15:23:09,0,10,0,10
2024-11-12T15:55:26,0,10,0,10
2024-11-12T16:27:39,0,10,0,10
2024-11-12T16:59:50,0,10,0,10
2024-11-12T17:32:05,0,10,0,10
2024-11-12T18:04:16,0,10,0,10
2024-11-12T18:36:17,0,10,0,10
2024-11-12T19:08:27,0,10,0,10
2024-11-12T19:40:38,0,10,0,10
2024-11-12T20:12:50,0,10,0,10
2024-11-12T20:44:53,0,10,0,10
2024-11-12T21:17:08,0,10,0,10
2024-11-12T21:49:19,0,10,0,10
2024-11-12T22:21:21,0,10,0,10
2024-11-12T22:53:34,0,10,0,10
2024-11-12T23:25:35,0,10,0,10
2024-11-12T23:57:48,0,10,0,10
2024-11-13T00:29:59,0,10,0,10
2024-11-13T01:02:20,0,10,0,10
2024-11-13T01:34:28,0,10,0,10
2024-11-13T02:06:44,0,10,0,10
2024-11-13T02:38:53,0,10,0,10
2024-11-13T03:11:11,0,10,0,10
2024-11-13T03:43:16,0,10,0,10
2024-11-13T00:39:13,0,10,0,10
2024-11-13T01:11:21,0,10,0,10
2024-11-13T01:43:26,0,10,0,10
2024-11-13T02:15:37,0,10,0,10
2024-11-13T02:47:56,0,10,0,10
2024-11-13T03:20:01,0,10,0,10
2024-11-13T03:52:07,0,10,0,10
2024-11-13T04:45:52,0,10,0,10
2024-11-13T05:19:27,0,10,0,10
2024-11-13T05:51:55,0,10,0,10
2024-11-13T06:24:00,0,10,0,10
2024-11-13T04:47:15,0,10,0,10
2024-11-13T05:20:46,0,10,0,10
2024-11-13T05:53:12,0,10,0,10
2024-11-13T06:25:15,0,10,0,10
2024-11-13T09:56:16,0,10,0,10
2024-11-13T10:28:19,0,10,0,10
2024-11-13T11:00:31,0,10,0,10
2024-11-13T11:32:54,0,10,0,10
2024-11-13T12:05:06,0,10,0,10
2024-11-13T12:37:18,0,10,0,10
2024-11-13T13:09:29,0,10,0,10
2024-11-13T13:41:51,0,10,0,10
2024-11-13T14:14:03,0,10,0,10
2024-11-13T14:46:17,0,10,0,10
2024-11-13T15:18:33,0,10,0,10
2024-11-13T15:50:49,0,10,0,10
2024-11-13T16:23:05,0,10,0,10
2024-11-13T16:55:17,0,10,0,10
2024-11-13T17:27:29,0,10,0,10
2024-11-13T17:59:34,0,10,0,10
2024-11-13T18:31:47,0,10,0,10
2024-11-13T19:03:59,0,10,0,10
2024-11-13T19:36:11,0,10,0,10
2024-11-13T20:08:13,0,10,0,10
2024-11-13T20:40:24,0,10,0,10
2024-11-13T21:12:38,0,10,0,10
2024-11-13T21:45:31,0,10,0,10
2024-11-13T22:17:43,0,10,0,10
2024-11-13T22:49:44,0,10,0,10
2024-11-13T23:21:58,0,10,0,10
2024-11-13T23:54:11,0,10,0,10
2024-11-14T00:26:17,0,10,0,10
2024-11-14T00:58:22,0,10,0,10
2024-11-14T01:30:39,0,10,0,10
2024-11-14T02:02:53,0,10,0,10
2024-11-14T02:34:57,0,10,0,10
2024-11-14T03:07:01,0,10,0,10
2024-11-14T03:39:16,0,10,0,10
2024-11-14T04:11:20,0,10,0,10
2024-11-13T09:56:24,0,10,0,10
2024-11-13T10:28:24,0,10,0,10
2024-11-13T11:00:36,0,10,0,10
2024-11-13T11:32:59,0,10,0,10
2024-11-13T12:05:11,0,10,0,10
2024-11-13T12:37:23,0,10,0,10
2024-11-13T13:09:34,0,10,0,10
2024-11-13T13:41:54,0,10,0,10
2024-11-13T14:14:06,0,10,0,10
2024-11-13T14:46:21,0,10,0,10
2024-11-13T15:18:35,0,10,0,10
2024-11-13T15:50:52,0,10,0,10
2024-11-13T16:23:07,0,10,0,10
2024-11-13T16:55:17,0,10,0,10
2024-11-13T17:27:30,0,10,0,10
2024-11-13T17:59:33,0,10,0,10
2024-11-13T18:31:46,0,10,0,10
2024-11-13T19:03:59,0,10,0,10
2024-11-13T19:36:11,0,10,0,10
2024-11-13T20:08:13,0,10,0,10
2024-11-13T20:40:24,0,10,0,10
2024-11-13T21:12:38,0,10,0,10
2024-11-13T21:45:32,0,10,0,10
2024-11-13T22:17:43,0,10,0,10
2024-11-13T22:49:44,0,10,0,10
2024-11-13T23:21:59,0,10,0,10
2024-11-13T23:54:11,0,10,0,10
2024-11-14T00:26:18,0,10,0,10
2024-11-14T00:58:22,0,10,0,10
2024-11-14T01:30:39,0,10,0,10
2024-11-14T02:02:53,0,10,0,10
2024-11-14T02:34:58,0,10,0,10
2024-11-14T03:07:02,0,10,0,10
2024-11-14T03:39:16,0,10,0,10
2024-11-14T04:11:20,0,10,0,10
2024-11-14T07:18:56,0,10,0,10
2024-11-14T07:50:59,0,10,0,10
2024-11-14T08:23:11,0,10,0,10
2024-11-14T08:55:15,0,10,0,10
2024-11-14T09:27:30,0,10,0,10
2024-11-14T09:59:35,0,10,0,10
2024-11-14T10:31:47,0,10,0,10
2024-11-14T11:04:04,0,10,0,10
2024-11-14T11:36:20,0,10,0,10
2024-11-14T12:08:43,0,10,0,10
2024-11-14T12:41:00,0,10,0,10
2024-11-14T13:13:18,0,10,0,10
2024-11-14T13:45:33,0,10,0,10
2024-11-14T14:17:50,0,10,0,10
2024-11-14T14:50:12,0,10,0,10
2024-11-14T15:22:35,0,10,0,10
2024-11-14T15:54:51,0,10,0,10
2024-11-14T16:27:06,0,10,0,10
2024-11-14T16:59:23,0,10,0,10
2024-11-14T17:31:32,0,10,0,10
2024-11-14T18:03:47,0,10,0,10
2024-11-14T18:36:03,0,10,0,10
2024-11-14T19:08:19,0,10,0,10
2024-11-14T19:40:35,0,10,0,10
2024-11-14T20:12:42,0,10,0,10
2024-11-14T20:44:55,0,10,0,10
2024-11-14T21:17:10,0,10,0,10
2024-11-14T21:49:18,0,10,0,10
2024-11-14T22:21:35,0,10,0,10
2024-11-14T22:53:40,0,10,0,10
2024-11-14T23:25:57,0,10,0,10
2024-11-14T23:58:01,0,10,0,10
2024-11-15T00:30:11,0,10,0,10
2024-11-15T01:02:30,0,10,0,10
2024-11-15T01:34:38,0,10,0,10
2024-11-15T02:06:51,0,10,0,10
2024-11-15T02:39:01,0,10,0,10
2024-11-15T03:11:18,0,10,0,10
2024-11-15T03:43:24,0,10,0,10
2024-11-14T07:24:50,0,10,0,10
2024-11-14T07:56:52,0,10,0,10
2024-11-14T08:28:55,0,10,0,10
2024-11-14T09:01:00,0,10,0,10
2024-11-14T09:33:13,0,10,0,10
2024-11-14T10:05:27,0,10,0,10
2024-11-14T10:37:41,0,10,0,10
2024-11-14T11:09:50,0,10,0,10
2024-11-14T11:42:16,0,10,0,10
2024-11-14T12:14:34,0,10,0,10
2024-11-14T12:46:51,0,10,0,10
2024-11-14T13:19:07,0,10,0,10
2024-11-14T13:51:24,0,10,0,10
2024-11-14T14:23:43,0,10,0,10
2024-11-14T14:56:01,0,10,0,10
2024-11-14T15:28:18,0,10,0,10
2024-11-14T16:00:36,0,10,0,10
2024-11-14T16:32:53,0,10,0,10
2024-11-14T17:05:10,0,10,0,10
2024-11-14T17:37:26,0,10,0,10
2024-11-14T18:09:32,0,10,0,10
2024-11-14T18:41:52,0,10,0,10
2024-11-14T19:14:09,0,10,0,10
2024-11-14T19:46:27,0,10,0,10
2024-11-14T20:18:32,0,10,0,10
2024-11-14T20:50:47,0,10,0,10
2024-11-14T21:24:06,0,10,0,10
2024-11-14T21:56:33,0,10,0,10
2024-11-14T22:28:47,0,10,0,10
2024-11-14T23:00:52,0,10,0,10
2024-11-14T23:33:09,0,10,0,10
2024-11-15T00:05:14,0,10,0,10
2024-11-15T00:37:35,0,10,0,10
2024-11-15T01:09:47,0,10,0,10
2024-11-15T01:41:57,0,10,0,10
2024-11-15T02:14:21,0,10,0,10
2024-11-15T02:46:30,0,10,0,10
2024-11-15T03:18:38,0,10,0,10
2024-11-15T03:50:45,0,10,0,10
2024-11-15T04:42:00,0,10,0,10
2024-11-15T05:14:10,0,10,0,10
2024-11-15T05:46:20,0,10,0,10
2024-11-15T06:18:27,0,10,0,10
2024-11-15T06:50:36,0,10,0,10
2024-11-15T07:22:44,0,10,0,10
2024-11-15T07:54:49,0,10,0,10
2024-11-15T08:27:01,0,10,0,10
2024-11-15T08:59:05,0,10,0,10
2024-11-15T09:31:20,0,10,0,10
2024-11-15T10:03:26,0,10,0,10
2024-11-15T10:35:44,0,10,0,10
2024-11-15T11:08:06,0,10,0,10
2024-11-15T11:40:13,0,10,0,10
2024-11-15T12:12:30,0,10,0,10
2024-11-15T12:44:46,0,10,0,10
2024-11-15T13:17:04,0,10,0,10
2024-11-15T13:49:21,0,10,0,10
2024-11-15T14:21:42,0,10,0,10
2024-11-15T14:54:00,0,10,0,10
2024-11-15T15:26:17,0,10,0,10
2024-11-15T15:58:32,0,10,0,10
2024-11-15T16:30:43,0,10,0,10
2024-11-15T17:02:59,0,10,0,10
2024-11-15T17:35:17,0,10,0,10
2024-11-15T18:07:37,0,10,0,10
2024-11-15T18:39:57,0,10,0,10
2024-11-15T19:12:06,0,10,0,10
2024-11-15T19:44:21,0,10,0,10
2024-11-15T20:16:29,0,10,0,10
2024-11-15T20:48:45,0,10,0,10
2024-11-15T21:21:04,0,10,0,10
2024-11-15T21:53:12,0,10,0,10
2024-11-15T22:25:27,0,10,0,10
2024-11-15T22:57:32,0,10,0,10
2024-11-15T23:29:47,0,10,0,10
2024-11-16T00:01:53,0,10,0,10
2024-11-16T00:34:06,0,10,0,10
2024-11-16T01:06:25,0,10,0,10
2024-11-16T01:38:32,0,10,0,10
2024-11-16T02:10:44,0,10,0,10
2024-11-16T02:42:51,0,10,0,10
2024-11-16T03:15:05,0,10,0,10
2024-11-16T03:47:11,0,10,0,10
2024-11-15T04:52:09,0,10,0,10
2024-11-15T05:24:19,0,10,0,10
2024-11-15T05:56:28,0,10,0,10
2024-11-15T06:28:34,0,10,0,10
2024-11-15T07:00:42,0,10,0,10
2024-11-15T07:32:51,0,10,0,10
2024-11-15T08:04:57,0,10,0,10
2024-11-15T08:37:12,0,10,0,10
2024-11-15T09:09:19,0,10,0,10
2024-11-15T09:41:40,0,10,0,10
2024-11-15T10:13:47,0,10,0,10
2024-11-15T10:46:06,0,10,0,10
2024-11-15T11:18:33,0,10,0,10
2024-11-15T11:50:51,0,10,0,10
2024-11-15T12:23:09,0,10,0,10
2024-11-15T12:55:27,0,10,0,10
2024-11-15T13:27:35,0,10,0,10
2024-11-15T13:59:51,0,10,0,10
2024-11-15T14:32:19,0,10,0,10
2024-11-15T15:04:26,0,10,0,10
2024-11-15T15:36:43,0,10,0,10
2024-11-15T16:09:02,0,10,0,10
2024-11-15T16:41:22,0,10,0,10
2024-11-15T17:13:41,0,10,0,10
2024-11-15T17:46:00,0,10,0,10
2024-11-15T18:18:09,0,10,0,10
2024-11-15T18:50:28,0,10,0,10
2024-11-15T19:22:48,0,10,0,10
2024-11-15T19:54:56,0,10,0,10
2024-11-15T20:27:14,0,10,0,10
2024-11-15T20:59:20,0,10,0,10
2024-11-15T21:32:45,0,10,0,10
2024-11-15T22:05:00,0,10,0,10
2024-11-15T22:37:05,0,10,0,10
2024-11-15T23:09:09,0,10,0,10
2024-11-15T23:41:24,0,10,0,10
2024-11-16T00:13:34,0,10,0,10
2024-11-16T00:45:56,0,10,0,10
2024-11-16T01:18:04,0,10,0,10
2024-11-16T01:50:12,0,10,0,10
2024-11-16T02:22:21,0,10,0,10
2024-11-16T02:54:36,0,10,0,10
2024-11-16T03:26:41,0,10,0,10
2024-11-16T03:58:48,0,10,0,10
2024-11-16T04:47:10,0,10,0,10
2024-11-16T05:19:25,0,10,0,10
2024-11-16T05:51:36,0,10,0,10
2024-11-16T06:23:44,0,10,0,10
2024-11-16T06:55:53,0,10,0,10
2024-11-16T07:28:11,0,10,0,10
2024-11-16T08:00:18,0,10,0,10
2024-11-16T08:32:26,0,10,0,10
2024-11-16T09:04:34,0,10,0,10
2024-11-16T09:36:52,0,10,0,10
2024-11-16T10:09:01,0,10,0,10
2024-11-16T10:41:20,0,10,0,10
2024-11-16T11:13:27,0,10,0,10
2024-11-16T11:45:46,0,10,0,10
2024-11-16T12:18:02,0,10,0,10
2024-11-16T12:50:10,0,10,0,10
2024-11-16T13:22:27,0,10,0,10
2024-11-16T13:54:42,0,10,0,10
2024-11-16T14:27:00,0,10,0,10
2024-11-16T14:59:08,0,10,0,10
2024-11-16T15:31:25,0,10,0,10
2024-11-16T16:03:45,0,10,0,10
2024-11-16T16:36:04,0,10,0,10
2024-11-16T17:08:12,0,10,0,10
2024-11-16T17:40:29,0,10,0,10
2024-11-16T18:12:35,0,10,0,10
2024-11-16T18:44:55,0,10,0,10
2024-11-16T19:17:09,0,10,0,10
2024-11-16T19:49:15,0,10,0,10
2024-11-16T20:21:28,0,10,0,10
2024-11-16T20:53:32,0,10,0,10
2024-11-16T21:25:37,0,10,0,10
2024-11-16T21:57:53,0,10,0,10
2024-11-16T22:29:57,0,10,0,10
2024-11-16T23:02:01,0,10,0,10
2024-11-16T23:34:17,0,10,0,10
2024-11-17T00:06:24,0,10,0,10
2024-11-16T04:55:07,0,10,0,10
2024-11-16T05:27:15,0,10,0,10
2024-11-16T05:59:24,0,10,0,10
2024-11-16T06:31:33,0,10,0,10
2024-11-16T07:03:41,0,10,0,10
2024-11-16T07:35:51,0,10,0,10
2024-11-16T08:08:07,0,10,0,10
2024-11-16T08:40:16,0,10,0,10
2024-11-16T09:12:26,0,10,0,10
2024-11-16T09:44:46,0,10,0,10
2024-11-16T10:16:54,0,10,0,10
2024-11-16T10:49:22,0,10,0,10
2024-11-16T11:21:41,0,10,0,10
2024-11-16T11:54:05,0,10,0,10
2024-11-16T12:26:13,0,10,0,10
2024-11-16T12:58:30,0,10,0,10
2024-11-16T13:30:49,0,10,0,10
2024-11-16T14:02:58,0,10,0,10
2024-11-16T14:35:20,0,10,0,10
2024-11-16T15:07:37,0,10,0,10
2024-11-16T15:39:59,0,10,0,10
2024-11-16T16:12:18,0,10,0,10
2024-11-16T16:44:29,0,10,0,10
2024-11-16T17:16:47,0,10,0,10
2024-11-16T17:49:10,0,10,0,10
2024-11-16T18:21:20,0,10,0,10
2024-11-16T18:53:42,0,10,0,10
2024-11-16T19:26:05,0,10,0,10
2024-11-16T19:58:10,0,10,0,10
2024-11-16T20:30:24,0,10,0,10
2024-11-16T21:02:28,0,10,0,10
2024-11-16T21:35:20,0,10,0,10
2024-11-16T22:07:34,0,10,0,10
2024-11-16T22:39:38,0,10,0,10
2024-11-16T23:11:43,0,10,0,10
2024-11-16T23:43:57,0,10,0,10
2024-11-17T00:16:03,0,10,0,10
2024-11-17T01:08:05,0,10,0,10
2024-11-17T01:40:15,0,10,0,10
2024-11-17T02:12:29,0,10,0,10
2024-11-17T02:44:36,0,10,0,10
2024-11-17T03:16:44,0,10,0,10
2024-11-17T03:48:52,0,10,0,10
2024-11-17T01:08:02,0,10,0,10
2024-11-17T01:40:19,0,10,0,10
2024-11-17T02:12:29,0,10,0,10
2024-11-17T02:44:36,0,10,0,10
2024-11-17T03:16:45,0,10,0,10
2024-11-17T03:48:52,0,10,0,10
2024-11-17T04:21:01,0,10,0,10
2024-11-17T04:50:50,0,10,0,10
2024-11-17T05:23:04,0,10,0,10
2024-11-17T05:55:18,0,10,0,10
2024-11-17T06:27:26,0,10,0,10
2024-11-17T06:59:34,0,10,0,10
2024-11-17T07:31:40,0,10,0,10
2024-11-17T08:03:47,0,10,0,10
2024-11-17T08:35:54,0,10,0,10
2024-11-17T09:08:00,0,10,0,10
2024-11-17T09:40:06,0,10,0,10
2024-11-17T10:12:27,0,10,0,10
2024-11-17T10:44:34,0,10,0,10
2024-11-17T11:16:41,0,10,0,10
2024-11-17T11:48:49,0,10,0,10
2024-11-17T12:21:03,0,10,0,10
2024-11-17T12:53:08,0,10,0,10
2024-11-17T13:25:20,0,10,0,10
2024-11-17T13:57:25,0,10,0,10
2024-11-17T14:29:31,0,10,0,10
2024-11-17T15:01:50,0,10,0,10
2024-11-17T15:33:56,0,10,0,10
2024-11-17T16:06:00,0,10,0,10
2024-11-17T16:38:16,0,10,0,10
2024-11-17T17:10:22,0,10,0,10
2024-11-17T17:42:35,0,10,0,10
2024-11-17T18:14:39,0,10,0,10
2024-11-17T18:47:00,0,10,0,10
2024-11-17T19:19:06,0,10,0,10
2024-11-17T19:51:11,0,10,0,10
2024-11-17T20:23:25,0,10,0,10
2024-11-17T20:55:29,0,10,0,10
2024-11-17T21:27:44,0,10,0,10
2024-11-17T21:59:50,0,10,0,10
2024-11-17T22:31:55,0,10,0,10
2024-11-17T23:04:07,0,10,0,10
2024-11-17T23:36:12,0,10,0,10
2024-11-18T00:08:22,0,10,0,10
2024-11-18T00:40:41,0,10,0,10
2024-11-18T01:12:51,0,10,0,10
2024-11-18T01:45:02,0,10,0,10
2024-11-18T02:17:12,0,10,0,10
2024-11-18T02:49:20,0,10,0,10
2024-11-18T03:21:38,0,10,0,10
2024-11-18T03:53:46,0,10,0,10
2024-11-17T04:54:18,0,10,0,10
2024-11-17T05:26:30,0,10,0,10
2024-11-17T05:58:40,0,10,0,10
2024-11-17T06:30:49,0,10,0,10
2024-11-17T07:02:57,0,10,0,10
2024-11-17T07:35:02,0,10,0,10
2024-11-17T08:07:08,0,10,0,10
2024-11-17T08:39:14,0,10,0,10
2024-11-17T09:11:19,0,10,0,10
2024-11-17T09:43:25,0,10,0,10
2024-11-17T10:15:39,0,10,0,10
2024-11-17T10:47:44,0,10,0,10
2024-11-17T11:19:50,0,10,0,10
2024-11-17T11:51:54,0,10,0,10
2024-11-17T12:24:06,0,10,0,10
2024-11-17T12:56:11,0,10,0,10
2024-11-17T13:28:20,0,10,0,10
2024-11-17T14:00:33,0,10,0,10
2024-11-17T14:32:38,0,10,0,10
2024-11-17T15:04:51,0,10,0,10
2024-11-17T15:36:55,0,10,0,10
2024-11-17T16:09:00,0,10,0,10
2024-11-17T16:41:16,0,10,0,10
2024-11-17T17:13:21,0,10,0,10
2024-11-17T17:45:35,0,10,0,10
2024-11-17T18:17:40,0,10,0,10
2024-11-17T18:49:46,0,10,0,10
2024-11-17T19:22:02,0,10,0,10
2024-11-17T19:54:07,0,10,0,10
2024-11-17T20:26:12,0,10,0,10
2024-11-17T20:58:30,0,10,0,10
2024-11-17T21:30:58,0,10,0,10
2024-11-17T22:03:06,0,10,0,10
2024-11-17T22:35:21,0,10,0,10
2024-11-17T23:07:26,0,10,0,10
2024-11-17T23:39:31,0,10,0,10
2024-11-18T00:11:53,0,10,0,10
2024-11-18T00:44:05,0,10,0,10
2024-11-18T01:16:16,0,10,0,10
2024-11-18T01:48:27,0,10,0,10
2024-11-18T02:20:37,0,10,0,10
2024-11-18T02:52:44,0,10,0,10
2024-11-18T03:24:51,0,10,0,10
2024-11-18T03:57:07,0,10,0,10
2024-11-18T04:42:08,0,10,0,10
2024-11-18T05:14:23,0,10,0,10
2024-11-18T05:46:34,0,10,0,10
2024-11-18T06:18:45,0,10,0,10
2024-11-18T06:50:54,0,10,0,10
2024-11-18T07:23:02,0,10,0,10
2024-11-18T07:55:07,0,10,0,10
2024-11-18T08:27:23,0,10,0,10
2024-11-18T08:59:29,0,10,0,10
2024-11-18T09:31:33,0,10,0,10
2024-11-18T10:03:49,0,10,0,10
2024-11-18T10:35:54,0,10,0,10
2024-11-18T11:08:11,0,10,0,10
2024-11-18T11:40:37,0,10,0,10
2024-11-18T12:12:43,0,10,0,10
2024-11-18T12:45:00,0,10,0,10
2024-11-18T13:17:07,0,10,0,10
2024-11-18T13:49:23,0,10,0,10
2024-11-18T14:21:40,0,10,0,10
2024-11-18T14:53:48,0,10,0,10
2024-11-18T15:26:05,0,10,0,10
2024-11-18T15:58:26,0,10,0,10
2024-11-18T16:30:35,0,10,0,10
2024-11-18T17:02:55,0,10,0,10
2024-11-18T17:35:04,0,10,0,10
2024-11-18T18:07:23,0,10,0,10
2024-11-18T18:39:36,0,10,0,10
2024-11-18T19:11:55,0,10,0,10
2024-11-18T19:44:03,0,10,0,10
2024-11-18T20:16:13,0,10,0,10
2024-11-18T20:48:54,0,10,0,10
2024-11-18T21:21:03,0,10,0,10
2024-11-18T21:53:22,0,10,0,10
2024-11-18T22:25:31,0,10,0,10
2024-11-18T22:57:50,0,10,0,10
2024-11-18T23:29:59,0,10,0,10
2024-11-19T00:04:08,0,10,0,10
2024-11-19T00:37:04,0,10,0,10
2024-11-19T01:09:37,0,10,0,10
2024-11-19T01:41:51,0,10,0,10
2024-11-19T02:14:16,0,10,0,10
2024-11-19T02:46:47,0,10,0,10
2024-11-19T03:19:03,0,10,0,10
2024-11-19T03:51:17,0,10,0,10
2024-11-18T04:45:25,0,10,0,10
2024-11-18T05:17:37,0,10,0,10
2024-11-18T05:49:52,0,10,0,10
2024-11-18T06:22:01,0,10,0,10
2024-11-18T06:54:08,0,10,0,10
2024-11-18T07:26:30,0,10,0,10
2024-11-18T07:58:35,0,10,0,10
2024-11-18T08:30:41,0,10,0,10
2024-11-18T09:02:47,0,10,0,10
2024-11-18T09:35:12,0,10,0,10
2024-11-18T10:07:18,0,10,0,10
2024-11-18T10:39:31,0,10,0,10
2024-11-18T11:11:41,0,10,0,10
2024-11-18T11:44:04,0,10,0,10
2024-11-18T12:16:33,0,10,0,10
2024-11-18T12:48:40,0,10,0,10
2024-11-18T13:20:58,0,10,0,10
2024-11-18T13:53:18,0,10,0,10
2024-11-18T14:25:26,0,10,0,10
2024-11-18T14:57:45,0,10,0,10
2024-11-18T15:30:12,0,10,0,10
2024-11-18T16:02:21,0,10,0,10
2024-11-18T16:34:41,0,10,0,10
2024-11-18T17:07:02,0,10,0,10
2024-11-18T17:39:11,0,10,0,10
2024-11-18T18:11:30,0,10,0,10
2024-11-18T18:43:49,0,10,0,10
2024-11-18T19:15:57,0,10,0,10
2024-11-18T19:48:25,0,10,0,10
2024-11-18T20:20:33,0,10,0,10
2024-11-18T20:53:10,0,10,0,10
2024-11-18T21:26:20,0,10,0,10
2024-11-18T21:58:54,0,10,0,10
2024-11-18T22:31:12,0,10,0,10
2024-11-18T23:03:21,0,10,0,10
2024-11-18T23:35:30,0,10,0,10
2024-11-19T00:10:51,0,10,0,10
2024-11-19T00:43:09,0,10,0,10
2024-11-19T01:15:38,0,10,0,10
2024-11-19T01:47:53,0,10,0,10
2024-11-19T02:20:17,0,10,0,10
2024-11-19T02:52:32,0,10,0,10
2024-11-19T03:24:47,0,10,0,10
2024-11-19T03:56:58,0,10,0,10
2024-11-19T04:40:19,0,10,0,10
2024-11-19T05:12:55,0,10,0,10
2024-11-19T05:45:15,0,10,0,10
2024-11-19T06:17:28,0,10,0,10
2024-11-19T06:49:44,0,10,0,10
2024-11-19T07:22:03,0,10,0,10
2024-11-19T07:54:15,0,10,0,10
2024-11-19T08:26:36,0,10,0,10
2024-11-19T08:58:47,0,10,0,10
2024-11-19T09:30:57,0,10,0,10
2024-11-19T10:03:29,0,10,0,10
2024-11-19T10:35:49,0,10,0,10
2024-11-19T11:08:01,0,10,0,10
2024-11-19T11:41:26,0,10,0,10
2024-11-19T12:14:07,0,10,0,10
2024-11-19T04:43:32,0,10,0,10
2024-11-19T05:16:06,0,10,0,10
2024-11-19T05:48:21,0,10,0,10
2024-11-19T06:20:35,0,10,0,10
2024-11-19T06:52:48,0,10,0,10
2024-11-19T07:25:06,0,10,0,10
2024-11-19T07:57:17,0,10,0,10
2024-11-19T08:29:45,0,10,0,10
2024-11-19T09:01:56,0,10,0,10
2024-11-19T09:34:07,0,10,0,10
2024-11-19T10:06:27,0,10,0,10
2024-11-19T10:38:53,0,10,0,10
2024-11-19T11:11:06,0,10,0,10
2024-11-19T11:44:10,0,10,0,10
2024-11-19T12:17:25,0,10,0,10
2024-11-19T12:50:30,0,10,0,10
2024-11-19T13:26:30,0,10,0,10
2024-11-19T14:01:20,0,10,0,10
2024-11-19T14:36:46,0,10,0,10
2024-11-19T15:09:14,0,10,0,10
2024-11-19T13:09:56,0,10,0,10
2024-11-19T13:49:25,0,10,0,10
2024-11-19T14:25:04,0,10,0,10
2024-11-19T14:57:58,0,10,0,10
2024-11-19T15:30:31,0,10,0,10
2024-11-19T16:06:12,0,10,0,10
2024-11-19T16:38:37,0,10,0,10
2024-11-19T17:10:53,0,10,0,10
2024-11-19T17:43:20,0,10,0,10
2024-11-19T18:15:50,0,10,0,10
2024-11-19T18:48:07,0,10,0,10
2024-11-19T19:20:33,0,10,0,10
2024-11-19T19:52:51,0,10,0,10
2024-11-19T20:25:18,0,10,0,10
2024-11-19T20:57:45,0,10,0,10
2024-11-19T21:30:58,0,10,0,10
2024-11-19T22:03:25,0,10,0,10
2024-11-19T22:35:42,0,10,0,10
2024-11-19T23:07:59,0,10,0,10
2024-11-19T23:40:29,0,10,0,10
2024-11-20T00:12:48,0,10,0,10
2024-11-20T00:45:08,0,10,0,10
2024-11-20T01:17:43,0,10,0,10
2024-11-20T01:50:06,0,10,0,10
2024-11-20T02:22:29,0,10,0,10
2024-11-20T02:54:48,0,10,0,10
2024-11-20T03:27:11,0,10,0,10
2024-11-20T04:00:12,0,10,0,10
2024-11-19T16:10:23,0,10,0,10
2024-11-19T16:42:48,0,10,0,10
2024-11-19T17:15:08,0,10,0,10
2024-11-19T17:47:33,0,10,0,10
2024-11-19T18:20:01,0,10,0,10
2024-11-19T18:52:17,0,10,0,10
2024-11-19T19:24:42,0,10,0,10
2024-11-19T19:57:10,0,10,0,10
2024-11-19T20:29:26,0,10,0,10
2024-11-19T21:02:00,0,10,0,10
2024-11-19T21:34:19,0,10,0,10
2024-11-19T22:06:45,0,10,0,10
2024-11-19T22:39:02,0,10,0,10
2024-11-19T23:11:30,0,10,0,10
2024-11-19T23:43:47,0,10,0,10
2024-11-20T00:16:05,0,10,0,10
2024-11-20T00:48:36,0,10,0,10
2024-11-20T01:21:00,0,10,0,10
2024-11-20T01:53:23,0,10,0,10
2024-11-20T02:25:44,0,10,0,10
2024-11-20T02:58:04,0,10,0,10
2024-11-20T03:30:34,0,10,0,10
2024-11-20T04:04:52,0,10,0,10
2024-11-20T04:53:32,0,10,0,10
2024-11-20T05:25:58,0,10,0,10
2024-11-20T05:58:22,0,10,0,10
2024-11-20T06:30:45,0,10,0,10
2024-11-20T07:03:11,0,10,0,10
2024-11-20T07:35:31,0,10,0,10
2024-11-20T08:07:49,0,10,0,10
2024-11-20T08:40:16,0,10,0,10
2024-11-20T09:12:34,0,10,0,10
2024-11-20T09:45:01,0,10,0,10
2024-11-20T10:17:18,0,10,0,10
2024-11-20T10:49:47,0,10,0,10
2024-11-20T11:22:17,0,10,0,10
2024-11-20T11:54:47,0,10,0,10
2024-11-20T12:27:03,0,10,0,10
2024-11-20T12:59:29,0,10,0,10
2024-11-20T13:31:58,0,10,0,10
2024-11-20T14:04:17,0,10,0,10
2024-11-20T14:36:46,0,10,0,10
2024-11-20T15:09:14,0,10,0,10
2024-11-20T15:41:43,0,10,0,10
2024-11-20T16:14:03,0,10,0,10
2024-11-20T16:46:33,0,10,0,10
2024-11-20T17:19:05,0,10,0,10
2024-11-20T17:51:28,0,10,0,10
2024-11-20T18:23:57,0,10,0,10
2024-11-20T18:56:26,0,10,0,10
2024-11-20T19:28:47,0,10,0,10
2024-11-20T20:01:16,0,10,0,10
2024-11-20T20:33:37,0,10,0,10
2024-11-20T21:06:07,0,10,0,10
2024-11-20T21:38:29,0,10,0,10
2024-11-20T22:11:00,0,10,0,10
2024-11-20T22:43:18,0,10,0,10
2024-11-20T23:15:48,0,10,0,10
2024-11-20T23:48:08,0,10,0,10
2024-11-21T00:20:32,0,10,0,10
2024-11-21T00:53:12,0,10,0,10
2024-11-21T01:25:36,0,10,0,10
2024-11-21T01:58:07,0,10,0,10
2024-11-21T02:30:36,0,10,0,10
2024-11-21T03:03:01,0,10,0,10
2024-11-21T03:35:34,0,10,0,10
2024-11-21T04:10:14,0,10,0,10
2024-11-20T04:53:56,0,10,0,10
2024-11-20T05:26:17,0,10,0,10
2024-11-20T05:58:37,0,10,0,10
2024-11-20T06:30:57,0,10,0,10
2024-11-20T07:03:18,0,10,0,10
2024-11-20T07:35:36,0,10,0,10
2024-11-20T08:07:56,0,10,0,10
2024-11-20T08:40:26,0,10,0,10
2024-11-20T09:12:43,0,10,0,10
2024-11-20T09:45:12,0,10,0,10
2024-11-20T10:17:29,0,10,0,10
2024-11-20T10:49:59,0,10,0,10
2024-11-20T11:22:19,0,10,0,10
2024-11-20T11:54:46,0,10,0,10
2024-11-20T12:27:15,0,10,0,10
2024-11-20T12:59:43,0,10,0,10
2024-11-20T13:32:13,0,10,0,10
2024-11-20T14:04:34,0,10,0,10
2024-11-20T14:37:04,0,10,0,10
2024-11-20T15:09:35,0,10,0,10
2024-11-20T15:42:05,0,10,0,10
2024-11-20T16:14:30,0,10,0,10
2024-11-20T16:47:03,0,10,0,10
2024-11-20T17:19:34,0,10,0,10
2024-11-20T17:51:56,0,10,0,10
2024-11-20T18:24:27,0,10,0,10
2024-11-20T18:56:47,0,10,0,10
2024-11-20T19:29:17,0,10,0,10
2024-11-20T20:01:37,0,10,0,10
2024-11-20T20:34:08,0,10,0,10
2024-11-20T21:06:27,0,10,0,10
2024-11-20T21:39:50,0,10,0,10
2024-11-20T22:12:09,0,10,0,10
2024-11-20T22:44:39,0,10,0,10
2024-11-20T23:16:59,0,10,0,10
2024-11-20T23:49:27,0,10,0,10
2024-11-21T00:21:51,0,10,0,10
2024-11-21T00:54:15,0,10,0,10
2024-11-21T01:26:40,0,10,0,10
2024-11-21T01:59:11,0,10,0,10
2024-11-21T02:31:47,0,10,0,10
2024-11-21T03:04:09,0,10,0,10
2024-11-21T03:36:30,0,10,0,10
2024-11-21T04:11:17,0,10,0,10
2024-11-21T04:45:28,0,10,0,10
2024-11-21T05:17:54,0,10,0,10
2024-11-21T05:50:18,0,10,0,10
2024-11-21T06:22:43,0,10,0,10
2024-11-21T06:55:06,0,10,0,10
2024-11-21T07:27:43,0,10,0,10
2024-11-21T08:00:04,0,10,0,10
2024-11-21T08:32:26,0,10,0,10
2024-11-21T09:04:47,0,10,0,10
2024-11-21T09:37:16,0,10,0,10
2024-11-21T10:09:48,0,10,0,10
2024-11-21T10:42:11,0,10,0,10
2024-11-21T11:14:42,0,10,0,10
2024-11-21T11:47:18,0,10,0,10
2024-11-21T12:19:48,0,10,0,10
2024-11-21T12:52:09,0,10,0,10
2024-11-21T13:24:38,0,10,0,10
2024-11-21T13:57:09,0,10,0,10
2024-11-21T14:29:43,0,10,0,10
2024-11-21T15:02:21,0,10,0,10
2024-11-21T15:34:58,0,10,0,10
2024-11-21T16:07:20,0,10,0,10
2024-11-21T16:39:53,0,10,0,10
2024-11-21T17:12:28,0,10,0,10
2024-11-21T17:45:02,0,10,0,10
2024-11-21T18:17:24,0,10,0,10
2024-11-21T18:49:57,0,10,0,10
2024-11-21T04:51:58,0,10,0,10
2024-11-21T05:24:25,0,10,0,10
2024-11-21T05:56:52,0,10,0,10
2024-11-21T06:29:15,0,10,0,10
2024-11-21T07:01:42,0,10,0,10
2024-11-21T07:34:14,0,10,0,10
2024-11-21T08:06:37,0,10,0,10
2024-11-21T08:38:59,0,10,0,10
2024-11-21T09:11:32,0,10,0,10
2024-11-21T09:43:53,0,10,0,10
2024-11-21T10:16:26,0,10,0,10
2024-11-21T10:48:59,0,10,0,10
2024-11-21T11:21:20,0,10,0,10
2024-11-21T11:53:53,0,10,0,10
2024-11-21T12:26:22,0,10,0,10
2024-11-21T12:58:57,0,10,0,10
2024-11-21T13:31:31,0,10,0,10
2024-11-21T14:03:57,0,10,0,10
2024-11-21T14:36:34,0,10,0,10
2024-11-21T15:09:13,0,10,0,10
2024-11-21T15:41:48,0,10,0,10
2024-11-21T16:14:24,0,10,0,10
2024-11-21T16:46:49,0,10,0,10
2024-11-21T17:19:22,0,10,0,10
2024-11-21T17:52:02,0,10,0,10
2024-11-21T18:24:26,0,10,0,10
2024-11-21T18:57:02,0,10,0,10
2024-11-21T19:29:25,0,10,0,10
2024-11-21T20:01:59,0,10,0,10
2024-11-21T20:34:33,0,10,0,10
2024-11-21T21:07:06,0,10,0,10
2024-11-21T21:39:30,0,10,0,10
2024-11-21T22:12:03,0,10,0,10
2024-11-21T22:44:25,0,10,0,10
2024-11-21T23:16:59,0,10,0,10
2024-11-21T23:49:22,0,10,0,10
2024-11-22T00:22:05,0,10,0,10
2024-11-22T00:54:33,0,10,0,10
2024-11-22T01:27:04,0,10,0,10
2024-11-22T01:59:42,0,10,0,10
2024-11-22T02:32:12,0,10,0,10
2024-11-22T03:04:50,0,10,0,10
2024-11-22T03:37:17,0,10,0,10
2024-11-22T04:11:58,0,10,0,10
2024-11-21T22:55:55,0,10,0,10
2024-11-21T23:28:31,0,10,0,10
2024-11-22T00:00:54,0,10,0,10
2024-11-22T00:33:36,0,10,0,10
2024-11-22T01:06:05,0,10,0,10
2024-11-22T01:38:35,0,10,0,10
2024-11-22T02:11:16,0,10,0,10
2024-11-22T02:43:44,0,10,0,10
2024-11-22T03:16:24,0,10,0,10
2024-11-22T03:48:51,0,10,0,10
2024-11-22T04:49:27,0,10,0,10
2024-11-22T05:21:55,0,10,0,10
2024-11-22T05:54:21,0,10,0,10
2024-11-22T06:26:48,0,10,0,10
2024-11-22T06:59:14,0,10,0,10
2024-11-22T07:31:41,0,10,0,10
2024-11-22T08:04:07,0,10,0,10
2024-11-22T08:36:31,0,10,0,10
2024-11-22T09:09:05,0,10,0,10
2024-11-22T09:41:29,0,10,0,10
2024-11-22T10:14:02,0,10,0,10
2024-11-22T10:46:35,0,10,0,10
2024-11-22T11:19:00,0,10,0,10
2024-11-22T11:51:35,0,10,0,10
2024-11-22T12:24:08,0,10,0,10
2024-11-22T12:56:42,0,10,0,10
2024-11-22T13:29:06,0,10,0,10
2024-11-22T14:01:40,0,10,0,10
2024-11-22T14:34:12,0,10,0,10
2024-11-22T15:06:47,0,10,0,10
2024-11-22T15:39:27,0,10,0,10
2024-11-22T16:12:01,0,10,0,10
2024-11-22T16:44:26,0,10,0,10
2024-11-22T17:17:04,0,10,0,10
2024-11-22T17:49:41,0,10,0,10
2024-11-22T18:22:07,0,10,0,10
2024-11-22T18:54:45,0,10,0,10
2024-11-22T19:27:21,0,10,0,10
2024-11-22T19:59:48,0,10,0,10
2024-11-22T20:32:26,0,10,0,10
2024-11-22T21:04:53,0,10,0,10
2024-11-22T21:37:30,0,10,0,10
2024-11-22T22:09:56,0,10,0,10
2024-11-22T22:42:23,0,10,0,10
2024-11-22T23:15:00,0,10,0,10
2024-11-22T23:47:27,0,10,0,10
2024-11-23T00:20:07,0,10,0,10
2024-11-23T00:52:46,0,10,0,10
2024-11-23T01:25:16,0,10,0,10
2024-11-23T01:57:56,0,10,0,10
2024-11-23T02:30:25,0,10,0,10
2024-11-23T03:02:54,0,10,0,10
2024-11-23T03:35:23,0,10,0,10
2024-11-23T04:07:54,0,10,0,10
2024-11-22T04:51:59,0,10,0,10
2024-11-22T05:24:32,0,10,0,10
2024-11-22T05:56:59,0,10,0,10
2024-11-22T06:29:30,0,10,0,10
2024-11-22T07:02:04,0,10,0,10
2024-11-22T07:34:31,0,10,0,10
2024-11-22T08:06:56,0,10,0,10
2024-11-22T08:39:22,0,10,0,10
2024-11-22T09:11:57,0,10,0,10
2024-11-22T09:44:20,0,10,0,10
2024-11-22T10:16:53,0,10,0,10
2024-11-22T10:49:28,0,10,0,10
2024-11-22T11:21:54,0,10,0,10
2024-11-22T11:54:23,0,10,0,10
2024-11-22T12:27:02,0,10,0,10
2024-11-22T12:59:36,0,10,0,10
2024-11-22T13:32:11,0,10,0,10
2024-11-22T14:04:34,0,10,0,10
2024-11-22T14:37:11,0,10,0,10
2024-11-22T15:09:50,0,10,0,10
2024-11-22T15:42:26,0,10,0,10
2024-11-22T16:15:03,0,10,0,10
2024-11-22T16:47:28,0,10,0,10
2024-11-22T17:20:06,0,10,0,10
2024-11-22T17:52:46,0,10,0,10
2024-11-22T18:25:27,0,10,0,10
2024-11-22T18:57:55,0,10,0,10
2024-11-22T19:30:32,0,10,0,10
2024-11-22T20:02:59,0,10,0,10
2024-11-22T20:35:40,0,10,0,10
2024-11-22T21:08:08,0,10,0,10
2024-11-22T21:40:48,0,10,0,10
2024-11-22T22:13:15,0,10,0,10
2024-11-22T22:45:44,0,10,0,10
2024-11-22T23:18:24,0,10,0,10
2024-11-22T23:50:51,0,10,0,10
2024-11-23T00:23:33,0,10,0,10
2024-11-23T00:56:13,0,10,0,10
2024-11-23T01:28:44,0,10,0,10
2024-11-23T02:01:26,0,10,0,10
2024-11-23T02:33:55,0,10,0,10
2024-11-23T03:06:23,0,10,0,10
2024-11-23T03:38:51,0,10,0,10
2024-11-23T04:11:24,0,10,0,10
2024-11-23T04:46:18,0,10,0,10
2024-11-23T05:18:50,0,10,0,10
2024-11-23T05:51:25,0,10,0,10
2024-11-23T06:23:59,0,10,0,10
2024-11-23T06:56:30,0,10,0,10
2024-11-23T07:29:06,0,10,0,10
2024-11-23T08:01:43,0,10,0,10
2024-11-23T08:34:13,0,10,0,10
2024-11-23T09:06:43,0,10,0,10
2024-11-23T09:39:25,0,10,0,10
2024-11-23T10:11:54,0,10,0,10
2024-11-23T10:44:34,0,10,0,10
2024-11-23T11:17:06,0,10,0,10
2024-11-23T11:49:45,0,10,0,10
2024-11-23T12:22:19,0,10,0,10
2024-11-23T12:54:57,0,10,0,10
2024-11-23T13:27:38,0,10,0,10
2024-11-23T14:00:07,0,10,0,10
2024-11-23T14:32:49,0,10,0,10
2024-11-23T15:05:27,0,10,0,10
2024-11-23T15:37:58,0,10,0,10
2024-11-23T16:10:34,0,10,0,10
2024-11-23T16:43:16,0,10,0,10
2024-11-23T17:15:46,0,10,0,10
2024-11-23T17:48:24,0,10,0,10
2024-11-23T18:20:54,0,10,0,10
2024-11-23T18:53:32,0,10,0,10
2024-11-23T19:26:14,0,10,0,10
2024-11-23T19:58:41,0,10,0,10
2024-11-23T20:31:09,0,10,0,10
2024-11-23T21:03:45,0,10,0,10
2024-11-23T21:36:14,0,10,0,10
2024-11-23T22:08:53,0,10,0,10
2024-11-23T22:41:21,0,10,0,10
2024-11-23T23:13:48,0,10,0,10
2024-11-23T23:46:17,0,10,0,10
2024-11-24T00:18:54,0,10,0,10
2024-11-24T00:51:24,0,10,0,10
2024-11-24T01:23:52,0,10,0,10
2024-11-24T01:56:20,0,10,0,10
2024-11-24T02:28:57,0,10,0,10
2024-11-24T03:01:26,0,10,0,10
2024-11-24T03:34:11,0,10,0,10
2024-11-24T04:09:36,0,10,0,10
2024-11-23T04:53:38,0,10,0,10
2024-11-23T05:26:08,0,10,0,10
2024-11-23T05:58:40,0,10,0,10
2024-11-23T06:31:12,0,10,0,10
2024-11-23T07:03:43,0,10,0,10
2024-11-23T07:36:14,0,10,0,10
2024-11-23T08:08:52,0,10,0,10
2024-11-23T08:41:25,0,10,0,10
2024-11-23T09:13:55,0,10,0,10
2024-11-23T09:46:23,0,10,0,10
2024-11-23T10:19:03,0,10,0,10
2024-11-23T10:51:32,0,10,0,10
2024-11-23T11:24:12,0,10,0,10
2024-11-23T11:56:51,0,10,0,10
2024-11-23T12:29:21,0,10,0,10
2024-11-23T13:02:02,0,10,0,10
2024-11-23T13:34:34,0,10,0,10
2024-11-23T14:07:11,0,10,0,10
2024-11-23T14:39:48,0,10,0,10
2024-11-23T15:12:20,0,10,0,10
2024-11-23T15:44:57,0,10,0,10
2024-11-23T16:17:34,0,10,0,10
2024-11-23T16:50:03,0,10,0,10
2024-11-23T17:22:40,0,10,0,10
2024-11-23T17:55:17,0,10,0,10
2024-11-23T18:27:45,0,10,0,10
2024-11-23T19:00:23,0,10,0,10
2024-11-23T19:32:53,0,10,0,10
2024-11-23T20:05:28,0,10,0,10
2024-11-23T20:37:56,0,10,0,10
2024-11-23T21:10:36,0,10,0,10
2024-11-23T21:43:03,0,10,0,10
2024-11-23T22:15:40,0,10,0,10
2024-11-23T22:48:07,0,10,0,10
2024-11-23T23:20:34,0,10,0,10
2024-11-23T23:53:00,0,10,0,10
2024-11-24T00:25:37,0,10,0,10
2024-11-24T00:58:05,0,10,0,10
2024-11-24T01:30:32,0,10,0,10
2024-11-24T02:03:00,0,10,0,10
2024-11-24T02:35:36,0,10,0,10
2024-11-24T03:08:02,0,10,0,10
2024-11-24T03:41:05,0,10,0,10
2024-11-24T04:41:58,0,10,0,10
2024-11-24T05:14:34,0,10,0,10
2024-11-24T05:47:07,0,10,0,10
2024-11-24T06:19:44,0,10,0,10
2024-11-24T06:52:16,0,10,0,10
2024-11-24T07:24:49,0,10,0,10
2024-11-24T07:57:20,0,10,0,10
2024-11-24T08:29:58,0,10,0,10
2024-11-24T09:02:44,0,10,0,10
2024-11-24T09:35:15,0,10,0,10
2024-11-24T10:07:47,0,10,0,10
2024-11-24T10:40:24,0,10,0,10
2024-11-24T11:12:59,0,10,0,10
2024-11-24T11:45:41,0,10,0,10
2024-11-24T12:18:11,0,10,0,10
2024-11-24T12:50:41,0,10,0,10
2024-11-24T13:23:08,0,10,0,10
2024-11-24T13:55:46,0,10,0,10
2024-11-24T14:28:17,0,10,0,10
2024-11-24T15:00:46,0,10,0,10
2024-11-24T15:33:23,0,10,0,10
2024-11-24T16:06:18,0,10,0,10
2024-11-24T16:38:48,0,10,0,10
2024-11-24T17:11:25,0,10,0,10
2024-11-24T17:43:52,0,10,0,10
2024-11-24T18:16:18,0,10,0,10
2024-11-24T18:48:45,0,10,0,10
2024-11-24T19:21:23,0,10,0,10
2024-11-24T19:53:50,0,10,0,10
2024-11-24T20:26:19,0,10,0,10
2024-11-24T20:58:55,0,10,0,10
2024-11-24T21:31:23,0,10,0,10
2024-11-24T22:03:49,0,10,0,10
2024-11-24T04:49:04,0,10,0,10
2024-11-24T05:21:41,0,10,0,10
2024-11-24T05:54:18,0,10,0,10
2024-11-24T06:26:55,0,10,0,10
2024-11-24T06:59:27,0,10,0,10
2024-11-24T07:32:02,0,10,0,10
2024-11-24T08:04:36,0,10,0,10
2024-11-24T08:37:09,0,10,0,10
2024-11-24T09:09:47,0,10,0,10
2024-11-24T09:42:15,0,10,0,10
2024-11-24T10:14:43,0,10,0,10
2024-11-24T10:47:12,0,10,0,10
2024-11-24T11:19:43,0,10,0,10
2024-11-24T11:52:20,0,10,0,10
2024-11-24T12:24:47,0,10,0,10
2024-11-24T12:57:16,0,10,0,10
2024-11-24T13:29:43,0,10,0,10
2024-11-24T14:02:20,0,10,0,10
2024-11-24T14:34:49,0,10,0,10
2024-11-24T15:07:20,0,10,0,10
2024-11-24T15:39:49,0,10,0,10
2024-11-24T16:12:54,0,10,0,10
2024-11-24T16:45:23,0,10,0,10
2024-11-24T17:17:53,0,10,0,10
2024-11-24T17:50:29,0,10,0,10
2024-11-24T18:22:58,0,10,0,10
2024-11-24T18:55:28,0,10,0,10
2024-11-24T19:28:00,0,10,0,10
2024-11-24T20:00:35,0,10,0,10
2024-11-24T20:33:03,0,10,0,10
2024-11-24T21:05:32,0,10,0,10
2024-11-24T21:38:11,0,10,0,10
2024-11-24T22:10:37,0,10,0,10
2024-11-24T22:48:59,0,10,0,10
2024-11-24T23:21:26,0,10,0,10
2024-11-24T23:53:53,0,10,0,10
2024-11-25T00:26:38,0,10,0,10
2024-11-25T00:59:08,0,10,0,10
2024-11-25T01:31:39,0,10,0,10
2024-11-25T02:04:08,0,10,0,10
2024-11-25T02:36:38,0,10,0,10
2024-11-25T03:09:08,0,10,0,10
2024-11-25T03:41:37,0,10,0,10
2024-11-25T04:43:29,0,10,0,10
2024-11-25T05:16:00,0,10,0,10
2024-11-25T05:48:30,0,10,0,10
2024-11-25T06:21:01,0,10,0,10
2024-11-25T06:53:30,0,10,0,10
2024-11-25T07:25:58,0,10,0,10
2024-11-25T07:58:25,0,10,0,10
2024-11-25T08:30:59,0,10,0,10
2024-11-25T09:03:36,0,10,0,10
2024-11-25T09:36:04,0,10,0,10
2024-11-25T10:08:31,0,10,0,10
2024-11-25T10:41:10,0,10,0,10
2024-11-25T11:13:37,0,10,0,10
2024-11-25T11:46:16,0,10,0,10
2024-11-25T12:18:43,0,10,0,10
2024-11-25T12:51:24,0,10,0,10
2024-11-25T13:23:51,0,10,0,10
2024-11-25T13:56:28,0,10,0,10
2024-11-25T14:28:57,0,10,0,10
2024-11-25T15:01:36,0,10,0,10
2024-11-25T15:34:04,0,10,0,10
2024-11-25T16:06:44,0,10,0,10
2024-11-25T16:39:13,0,10,0,10
2024-11-25T17:11:53,0,10,0,10
2024-11-25T17:44:22,0,10,0,10
2024-11-25T18:17:00,0,10,0,10
2024-11-25T18:49:27,0,10,0,10
2024-11-25T19:21:58,0,10,0,10
2024-11-25T19:54:36,0,10,0,10
2024-11-25T20:27:04,0,10,0,10
2024-11-25T20:59:31,0,10,0,10
2024-11-25T21:32:01,0,10,0,10
2024-11-25T22:04:40,0,10,0,10
2024-11-25T22:37:07,0,10,0,10
2024-11-25T23:09:35,0,10,0,10
2024-11-25T23:42:16,0,10,0,10
2024-11-26T00:14:47,0,10,0,10
2024-11-26T00:47:21,0,10,0,10
2024-11-26T01:19:54,0,10,0,10
2024-11-26T01:52:26,0,10,0,10
2024-11-26T02:25:06,0,10,0,10
2024-11-26T02:57:39,0,10,0,10
2024-11-26T03:30:10,0,10,0,10
2024-11-26T04:04:02,0,10,0,10
2024-11-26T04:51:57,0,10,0,10
2024-11-26T05:24:31,0,10,0,10
2024-11-26T05:57:03,0,10,0,10
2024-11-26T06:29:34,0,10,0,10
2024-11-26T07:02:06,0,10,0,10
2024-11-26T07:34:40,0,10,0,10
2024-11-26T08:07:16,0,10,0,10
2024-11-26T08:39:46,0,10,0,10
2024-11-26T09:12:16,0,10,0,10
2024-11-26T09:44:44,0,10,0,10
2024-11-26T10:17:14,0,10,0,10
2024-11-26T10:49:56,0,10,0,10
2024-11-26T11:22:28,0,10,0,10
2024-11-26T11:55:09,0,10,0,10
2024-11-26T12:27:39,0,10,0,10
2024-11-26T13:00:08,0,10,0,10
2024-11-26T13:32:49,0,10,0,10
2024-11-26T14:05:18,0,10,0,10
2024-11-26T14:38:01,0,10,0,10
2024-11-26T15:10:30,0,10,0,10
2024-11-26T15:43:11,0,10,0,10
2024-11-26T16:15:41,0,10,0,10
2024-11-26T16:48:11,0,10,0,10
2024-11-26T17:20:52,0,10,0,10
2024-11-26T17:53:22,0,10,0,10
2024-11-26T18:25:53,0,10,0,10
2024-11-26T18:58:33,0,10,0,10
2024-11-26T19:31:03,0,10,0,10
2024-11-26T20:03:34,0,10,0,10
2024-11-26T20:36:04,0,10,0,10
2024-11-26T21:08:46,0,10,0,10
2024-11-26T21:41:18,0,10,0,10
2024-11-26T22:13:47,0,10,0,10
2024-11-26T22:46:16,0,10,0,10
2024-11-26T23:18:47,0,10,0,10
2024-11-26T23:51:30,0,10,0,10
2024-11-27T00:24:04,0,10,0,10
2024-11-27T00:56:40,0,10,0,10
2024-11-27T01:29:17,0,10,0,10
2024-11-27T02:01:52,0,10,0,10
2024-11-27T02:34:33,0,10,0,10
2024-11-27T03:07:09,0,10,0,10
2024-11-27T03:39:43,0,10,0,10
2024-11-27T04:41:28,0,10,0,10
2024-11-27T05:15:42,0,10,0,10
2024-11-27T05:48:20,0,10,0,10
2024-11-27T06:20:55,0,10,0,10
2024-11-27T06:53:27,0,10,0,10
2024-11-27T07:26:03,0,10,0,10
2024-11-27T07:58:36,0,10,0,10
2024-11-27T08:31:17,0,10,0,10
2024-11-27T09:03:49,0,10,0,10
2024-11-27T09:36:19,0,10,0,10
2024-11-27T10:08:53,0,10,0,10
2024-11-27T10:41:24,0,10,0,10
2024-11-27T11:14:07,0,10,0,10
2024-11-27T11:46:40,0,10,0,10
2024-11-27T12:19:22,0,10,0,10
2024-11-27T12:51:54,0,10,0,10
2024-11-27T13:24:24,0,10,0,10
2024-11-27T13:56:58,0,10,0,10
2024-11-27T14:29:42,0,10,0,10
2024-11-27T15:02:18,0,10,0,10
2024-11-27T15:34:50,0,10,0,10
2024-11-27T16:07:32,0,10,0,10
2024-11-27T16:40:08,0,10,0,10
2024-11-27T17:12:42,0,10,0,10
2024-11-27T17:45:27,0,10,0,10
2024-11-27T18:18:00,0,10,0,10
2024-11-27T18:50:34,0,10,0,10
2024-11-27T19:23:08,0,10,0,10
2024-11-27T19:55:52,0,10,0,10
2024-11-27T20:28:25,0,10,0,10
2024-11-27T21:00:58,0,10,0,10
2024-11-27T21:33:33,0,10,0,10
2024-11-27T22:06:07,0,10,0,10
2024-11-27T22:38:51,0,10,0,10
2024-11-27T23:11:26,0,10,0,10
2024-11-27T23:43:59,0,10,0,10
2024-11-28T00:16:37,0,10,0,10
2024-11-28T00:49:17,0,10,0,10
2024-11-28T01:21:55,0,10,0,10
2024-11-28T01:54:47,0,10,0,10
2024-11-28T02:27:26,0,10,0,10
2024-11-28T03:00:02,0,10,0,10
2024-11-28T03:32:38,0,10,0,10
2024-11-28T04:05:17,0,10,0,10
2024-11-28T04:45:32,0,10,0,10
2024-11-28T05:18:28,0,10,0,10
2024-11-28T05:51:10,0,10,0,10
2024-11-28T06:23:47,0,10,0,10
2024-11-28T06:56:24,0,10,0,10
2024-11-28T07:29:03,0,10,0,10
2024-11-28T08:01:39,0,10,0,10
2024-11-28T08:34:25,0,10,0,10
2024-11-28T09:07:04,0,10,0,10
2024-11-28T09:39:39,0,10,0,10
2024-11-28T10:12:16,0,10,0,10
2024-11-28T10:44:52,0,10,0,10
2024-11-28T11:17:26,0,10,0,10
2024-11-28T11:50:01,0,10,0,10
2024-11-28T12:22:46,0,10,0,10
2024-11-28T12:55:20,0,10,0,10
2024-11-28T13:27:56,0,10,0,10
2024-11-28T14:00:28,0,10,0,10
2024-11-28T14:33:04,0,10,0,10
2024-11-28T15:05:47,0,10,0,10
2024-11-28T15:38:19,0,10,0,10
2024-11-28T16:10:52,0,10,0,10
2024-11-28T16:43:26,0,10,0,10
2024-11-28T17:15:59,0,10,0,10
2024-11-28T17:48:33,0,10,0,10
2024-11-28T18:21:08,0,10,0,10
2024-11-28T18:53:48,0,10,0,10
2024-11-28T19:26:22,0,10,0,10
2024-11-28T19:58:56,0,10,0,10
2024-11-28T20:31:28,0,10,0,10
2024-11-28T21:04:02,0,10,0,10
2024-11-28T21:36:48,0,10,0,10
2024-11-28T22:09:23,0,10,0,10
2024-11-28T22:41:56,0,10,0,10
2024-11-28T23:14:31,0,10,0,10
2024-11-28T23:47:05,0,10,0,10
2024-11-29T00:19:49,0,10,0,10
2024-11-29T00:52:26,0,10,0,10
2024-11-29T01:25:12,0,10,0,10
2024-11-29T01:57:47,0,10,0,10
2024-11-29T02:30:26,0,10,0,10
2024-11-29T03:03:03,0,10,0,10
2024-11-29T03:35:39,0,10,0,10
2024-11-29T04:40:33,0,10,0,10
2024-11-29T05:13:13,0,10,0,10
2024-11-29T05:45:56,0,10,0,10
2024-11-29T06:18:33,0,10,0,10
2024-11-29T06:51:10,0,10,0,10
2024-11-29T07:23:57,0,10,0,10
2024-11-29T07:56:34,0,10,0,10
2024-11-29T08:29:08,0,10,0,10
2024-11-29T09:01:44,0,10,0,10
2024-11-29T09:34:26,0,10,0,10
2024-11-29T10:06:59,0,10,0,10
2024-11-29T10:39:33,0,10,0,10
2024-11-29T11:12:07,0,10,0,10
2024-11-29T11:44:42,0,10,0,10
2024-11-29T12:17:18,0,10,0,10
2024-11-29T12:50:01,0,10,0,10
2024-11-29T13:22:35,0,10,0,10
2024-11-29T13:55:07,0,10,0,10
2024-11-29T14:32:47,0,10,0,10
2024-11-29T15:05:29,0,10,0,10
2024-11-29T15:38:02,0,10,0,10
2024-11-29T16:10:37,0,10,0,10
2024-11-29T16:43:10,0,10,0,10
2024-11-29T17:15:45,0,10,0,10
2024-11-29T17:48:18,0,10,0,10
2024-11-29T18:21:01,0,10,0,10
2024-11-29T18:53:33,0,10,0,10
2024-11-29T19:26:06,0,10,0,10
2024-11-29T19:58:39,0,10,0,10
2024-11-29T20:31:14,0,10,0,10
2024-11-29T21:03:48,0,10,0,10
2024-11-29T21:36:30,0,10,0,10
2024-11-29T22:09:05,0,10,0,10
2024-11-29T22:41:40,0,10,0,10
2024-11-29T23:14:15,0,10,0,10
2024-11-29T23:47:00,0,10,0,10
2024-11-30T00:19:38,0,10,0,10
2024-11-30T00:52:14,0,10,0,10
2024-11-30T01:24:53,0,10,0,10
2024-11-30T01:57:32,0,10,0,10
2024-11-30T02:30:10,0,10,0,10
2024-11-30T03:02:47,0,10,0,10
2024-11-30T03:35:32,0,10,0,10
2024-11-30T04:08:09,0,10,0,10
2024-11-30T04:47:05,0,10,0,10
2024-11-30T05:21:29,0,10,0,10
2024-11-30T05:54:04,0,10,0,10
2024-11-30T06:26:37,0,10,0,10
2024-11-30T06:59:11,0,10,0,10
2024-11-30T07:31:43,0,10,0,10
2024-11-30T08:04:16,0,10,0,10
2024-11-30T08:36:51,0,10,0,10
2024-11-30T09:09:33,0,10,0,10
2024-11-30T09:42:07,0,10,0,10
2024-11-30T10:14:41,0,10,0,10
2024-11-30T10:47:13,0,10,0,10
2024-11-30T11:19:48,0,10,0,10
2024-11-30T11:52:36,0,10,0,10
2024-11-30T12:25:08,0,10,0,10
2024-11-30T12:57:41,0,10,0,10
2024-11-30T13:30:14,0,10,0,10
2024-11-30T14:02:54,0,10,0,10
2024-11-30T14:35:26,0,10,0,10
2024-11-30T15:07:59,0,10,0,10
2024-11-30T15:40:48,0,10,0,10
2024-11-30T16:13:20,0,10,0,10
2024-11-30T16:45:53,0,10,0,10
2024-11-30T17:18:26,0,10,0,10
2024-11-30T17:51:00,0,10,0,10
2024-11-30T18:23:43,0,10,0,10
2024-11-30T18:56:15,0,10,0,10
2024-11-30T19:28:47,0,10,0,10
2024-11-30T20:01:19,0,10,0,10
2024-11-30T20:34:06,0,10,0,10
2024-11-30T21:06:38,0,10,0,10
2024-11-30T21:39:14,0,10,0,10
2024-11-30T22:11:49,0,10,0,10
2024-11-30T22:44:21,0,10,0,10
2024-11-30T23:17:02,0,10,0,10
2024-11-30T23:49:36,0,10,0,10
2024-12-01T00:22:21,0,10,0,10
2024-12-01T00:54:59,0,10,0,10
2024-12-01T01:27:33,0,10,0,10
2024-12-01T02:00:10,0,10,0,10
2024-12-01T02:33:03,0,10,0,10
2024-12-01T03:05:39,0,10,0,10
2024-12-01T03:38:16,0,10,0,10
2024-12-01T04:41:40,0,10,0,10
2024-12-01T05:14:18,0,10,0,10
2024-12-01T05:46:57,0,10,0,10
2024-12-01T06:19:33,0,10,0,10
2024-12-01T06:52:09,0,10,0,10
2024-12-01T07:24:45,0,10,0,10
2024-12-01T07:57:22,0,10,0,10
2024-12-01T08:30:06,0,10,0,10
2024-12-01T09:02:46,0,10,0,10
2024-12-01T09:35:23,0,10,0,10
2024-12-01T10:07:59,0,10,0,10
2024-12-01T10:40:37,0,10,0,10
2024-12-01T11:13:12,0,10,0,10
2024-12-01T11:45:54,0,10,0,10
2024-12-01T12:18:27,0,10,0,10
2024-12-01T12:50:59,0,10,0,10
2024-12-01T13:23:33,0,10,0,10
2024-12-01T13:56:14,0,10,0,10
2024-12-01T14:28:48,0,10,0,10
2024-12-01T15:01:20,0,10,0,10
2024-12-01T15:33:53,0,10,0,10
2024-12-01T16:06:36,0,10,0,10
2024-12-01T16:39:09,0,10,0,10
2024-12-01T17:11:45,0,10,0,10
2024-12-01T17:44:16,0,10,0,10
2024-12-01T18:16:59,0,10,0,10
2024-12-01T18:49:32,0,10,0,10
2024-12-01T19:22:05,0,10,0,10
2024-12-01T19:54:38,0,10,0,10
2024-12-01T20:27:21,0,10,0,10
2024-12-01T20:59:53,0,10,0,10
2024-12-01T21:32:27,0,10,0,10
2024-12-01T22:05:00,0,10,0,10
2024-12-01T22:37:42,0,10,0,10
2024-12-01T23:10:15,0,10,0,10
2024-12-01T23:42:48,0,10,0,10
2024-12-02T00:15:37,0,10,0,10
2024-12-02T00:48:24,0,10,0,10
2024-12-02T01:21:00,0,10,0,10
2024-12-02T01:53:41,0,10,0,10
2024-12-02T02:26:19,0,10,0,10
2024-12-02T02:59:02,0,10,0,10
2024-12-02T03:31:39,0,10,0,10
2024-12-02T04:04:15,0,10,0,10
2024-12-02T04:48:07,0,10,0,10
2024-12-02T05:20:50,0,10,0,10
2024-12-02T05:53:30,0,10,0,10
2024-12-02T06:26:09,0,10,0,10
2024-12-02T06:58:43,0,10,0,10
2024-12-02T07:31:20,0,10,0,10
2024-12-02T08:03:54,0,10,0,10
2024-12-02T08:36:35,0,10,0,10
2024-12-02T09:09:08,0,10,0,10
2024-12-02T09:41:50,0,10,0,10
2024-12-02T10:14:39,0,10,0,10
2024-12-02T10:47:13,0,10,0,10
2024-12-02T11:19:58,0,10,0,10
2024-12-02T11:52:52,0,10,0,10
2024-12-02T12:25:26,0,10,0,10
2024-12-02T12:58:19,0,10,0,10
2024-12-02T13:30:53,0,10,0,10
2024-12-02T14:03:39,0,10,0,10
2024-12-02T14:36:22,0,10,0,10
2024-12-02T15:09:18,0,10,0,10
2024-12-02T15:41:54,0,10,0,10
2024-12-02T16:14:40,0,10,0,10
2024-12-02T16:47:15,0,10,0,10
2024-12-02T17:20:10,0,10,0,10
2024-12-02T17:52:45,0,10,0,10
2024-12-02T18:25:30,0,10,0,10
2024-12-02T18:58:05,0,10,0,10
2024-12-02T19:30:44,0,10,0,10
2024-12-02T20:03:37,0,10,0,10
2024-12-02T20:36:12,0,10,0,10
2024-12-02T21:08:48,0,10,0,10
2024-12-02T21:41:31,0,10,0,10
2024-12-02T22:14:07,0,10,0,10
2024-12-02T22:46:44,0,10,0,10
2024-12-02T23:19:38,0,10,0,10
2024-12-02T23:52:13,0,10,0,10
2024-12-03T00:24:53,0,10,0,10
2024-12-03T00:57:34,0,10,0,10
2024-12-03T01:30:13,0,10,0,10
2024-12-03T02:03:14,0,10,0,10
2024-12-03T02:35:52,0,10,0,10
2024-12-03T03:08:31,0,10,0,10
2024-12-03T03:41:10,0,10,0,10
2024-12-03T04:43:53,0,10,0,10
2024-12-03T05:16:51,0,10,0,10
2024-12-03T05:49:29,0,10,0,10
2024-12-03T06:22:06,0,10,0,10
2024-12-03T06:54:46,0,10,0,10
2024-12-03T07:27:25,0,10,0,10
2024-12-03T08:00:02,0,10,0,10
2024-12-03T08:42:58,0,10,0,10
2024-12-03T09:15:36,0,10,0,10
2024-12-03T09:48:12,0,10,0,10
2024-12-03T10:20:59,0,10,0,10
2024-12-03T10:53:42,0,10,0,10
2024-12-03T11:26:32,0,10,0,10
2024-12-03T11:59:25,0,10,0,10
2024-12-03T12:32:42,0,10,0,10
2024-12-03T13:09:47,0,10,0,10
2024-12-03T13:53:55,0,10,0,10
2024-12-03T14:27:22,0,10,0,10
2024-12-03T15:00:27,0,10,0,10
2024-12-03T15:33:49,0,10,0,10
2024-12-03T16:07:05,0,10,0,10
2024-12-03T16:40:23,0,10,0,10
2024-12-03T17:13:42,0,10,0,10
2024-12-03T17:46:48,0,10,0,10
2024-12-03T18:20:05,0,10,0,10
2024-12-03T18:53:09,0,10,0,10
2024-12-03T19:26:31,0,10,0,10
2024-12-03T19:59:35,0,10,0,10
2024-12-03T20:32:39,0,10,0,10
2024-12-03T21:05:56,0,10,0,10
2024-12-03T21:39:01,0,10,0,10
2024-12-03T22:12:17,0,10,0,10
2024-12-03T22:45:22,0,10,0,10
2024-12-03T23:18:27,0,10,0,10
2024-12-03T23:51:45,0,10,0,10
2024-12-04T00:25:20,0,10,0,10
2024-12-04T00:58:33,0,10,0,10
2024-12-04T01:31:44,0,10,0,10
2024-12-04T02:05:08,0,10,0,10
2024-12-04T02:38:24,0,10,0,10
2024-12-04T03:11:34,0,10,0,10
2024-12-04T03:44:46,0,10,0,10
2024-12-04T04:17:58,0,10,0,10
2024-12-04T04:50:56,0,10,0,10
2024-12-04T05:24:08,0,10,0,10
2024-12-04T05:59:01,0,10,0,10
2024-12-04T06:32:11,0,10,0,10
2024-12-04T07:05:23,0,10,0,10
2024-12-04T07:38:32,0,10,0,10
2024-12-04T08:11:38,0,10,0,10
2024-12-04T08:44:51,0,10,0,10
2024-12-04T09:17:59,0,10,0,10
2024-12-04T09:51:04,0,10,0,10
2024-12-04T10:24:20,0,10,0,10
2024-12-04T10:57:26,0,10,0,10
2024-12-04T11:30:42,0,10,0,10
2024-12-04T12:03:49,0,10,0,10
2024-12-04T12:37:04,0,10,0,10
2024-12-04T13:10:09,0,10,0,10
2024-12-04T13:43:16,0,10,0,10
2024-12-04T14:16:30,0,10,0,10
2024-12-04T14:49:35,0,10,0,10
2024-12-04T15:22:52,0,10,0,10
2024-12-04T15:55:58,0,10,0,10
2024-12-04T16:29:16,0,10,0,10
2024-12-04T17:02:21,0,10,0,10
2024-12-04T17:35:39,0,10,0,10
2024-12-04T18:08:45,0,10,0,10
2024-12-04T18:42:03,0,10,0,10
2024-12-04T19:15:08,0,10,0,10
2024-12-04T19:48:24,0,10,0,10
2024-12-04T20:21:29,0,10,0,10
2024-12-04T20:54:33,0,10,0,10
2024-12-04T21:27:38,0,10,0,10
2024-12-04T22:00:54,0,10,0,10
2024-12-04T22:34:01,0,10,0,10
2024-12-04T23:07:05,0,10,0,10
2024-12-04T23:40:20,0,10,0,10
2024-12-05T00:13:48,0,10,0,10
2024-12-05T01:28:58,0,10,0,10
2024-12-05T02:22:38,0,10,0,10
2024-12-05T03:16:24,0,10,0,10
2024-12-05T03:49:57,0,10,0,10
2024-12-05T05:24:58,0,10,0,10
2024-12-05T06:07:54,0,10,0,10
2024-12-05T06:41:03,0,10,0,10
2024-12-05T07:14:13,0,10,0,10
2024-12-05T07:47:23,0,10,0,10
2024-12-05T08:20:32,0,10,0,10
2024-12-05T08:53:37,0,10,0,10
2024-12-05T09:26:53,0,10,0,10
2024-12-05T09:59:59,0,10,0,10
2024-12-05T10:33:05,0,10,0,10
2024-12-05T11:06:26,0,10,0,10
2024-12-05T11:39:33,0,10,0,10
2024-12-05T12:12:48,0,10,0,10
2024-12-05T12:45:56,0,10,0,10
2024-12-05T13:19:12,0,10,0,10
2024-12-05T13:52:18,0,10,0,10
2024-12-05T14:25:36,0,10,0,10
2024-12-05T14:58:43,0,10,0,10
2024-12-05T15:32:03,0,10,0,10
2024-12-05T16:05:12,0,10,0,10
2024-12-05T16:38:22,0,10,0,10
2024-12-05T17:11:41,0,10,0,10
2024-12-05T17:44:51,0,10,0,10
2024-12-05T18:18:00,0,10,0,10
2024-12-05T18:51:20,0,10,0,10
2024-12-05T19:24:30,0,10,0,10
2024-12-05T19:57:39,0,10,0,10
2024-12-05T20:30:59,0,10,0,10
2024-12-05T21:04:08,0,10,0,10
2024-12-05T21:37:19,0,10,0,10
2024-12-05T22:10:38,0,10,0,10
2024-12-05T22:43:49,0,10,0,10
2024-12-05T23:16:58,0,10,0,10
2024-12-05T23:50:07,0,10,0,10
2024-12-06T00:23:35,0,10,0,10
2024-12-06T00:56:48,0,10,0,10
2024-12-06T01:30:03,0,10,0,10
2024-12-06T02:03:19,0,10,0,10
2024-12-06T02:36:34,0,10,0,10
2024-12-06T03:09:57,0,10,0,10
2024-12-06T03:43:09,0,10,0,10
2024-12-06T04:50:31,0,10,0,10
2024-12-06T05:23:47,0,10,0,10
2024-12-06T05:57:03,0,10,0,10
2024-12-06T06:30:16,0,10,0,10
2024-12-06T07:03:34,0,10,0,10
2024-12-06T07:36:47,0,10,0,10
2024-12-06T08:10:12,0,10,0,10
2024-12-06T08:43:23,0,10,0,10
2024-12-06T09:16:33,0,10,0,10
2024-12-06T09:49:45,0,10,0,10
2024-12-06T10:23:05,0,10,0,10
2024-12-06T10:56:16,0,10,0,10
2024-12-06T11:29:32,0,10,0,10
2024-12-06T12:02:52,0,10,0,10
2024-12-06T12:36:05,0,10,0,10
2024-12-06T13:09:26,0,10,0,10
2024-12-06T13:42:37,0,10,0,10
2024-12-06T14:15:47,0,10,0,10
2024-12-06T14:49:14,0,10,0,10
2024-12-06T15:22:30,0,10,0,10
2024-12-06T15:55:53,0,10,0,10
2024-12-06T16:29:05,0,10,0,10
2024-12-06T17:02:27,0,10,0,10
2024-12-06T17:35:38,0,10,0,10
2024-12-06T18:08:50,0,10,0,10
2024-12-06T18:42:12,0,10,0,10
2024-12-06T19:15:26,0,10,0,10
2024-12-06T19:48:48,0,10,0,10
2024-12-06T20:22:00,0,10,0,10
2024-12-06T20:55:11,0,10,0,10
2024-12-06T21:28:32,0,10,0,10
2024-12-06T22:01:44,0,10,0,10
2024-12-06T22:34:55,0,10,0,10
2024-12-06T23:08:16,0,10,0,10
2024-12-06T23:41:26,0,10,0,10
2024-12-07T00:20:37,0,10,0,10
2024-12-07T01:12:43,0,10,0,10
2024-12-07T01:52:17,0,10,0,10
2024-12-07T02:36:13,0,10,0,10
2024-12-07T03:23:37,0,10,0,10
2024-12-07T03:58:58,0,10,0,10
2024-12-07T06:07:57,0,10,0,10
2024-12-07T06:41:12,0,10,0,10
2024-12-07T07:14:28,0,10,0,10
2024-12-07T07:47:55,0,10,0,10
2024-12-07T08:21:10,0,10,0,10
2024-12-07T08:54:24,0,10,0,10
2024-12-07T09:27:40,0,10,0,10
2024-12-07T10:00:54,0,10,0,10
2024-12-07T10:34:18,0,10,0,10
2024-12-07T11:07:31,0,10,0,10
2024-12-07T11:40:52,0,10,0,10
2024-12-07T12:14:06,0,10,0,10
2024-12-07T12:47:17,0,10,0,10
2024-12-07T13:20:40,0,10,0,10
2024-12-07T13:53:51,0,10,0,10
2024-12-07T14:27:03,0,10,0,10
2024-12-07T15:00:23,0,10,0,10
2024-12-07T15:33:33,0,10,0,10
2024-12-07T16:06:44,0,10,0,10
2024-12-07T16:39:55,0,10,0,10
2024-12-07T17:13:16,0,10,0,10
2024-12-07T17:46:27,0,10,0,10
2024-12-07T18:19:39,0,10,0,10
2024-12-07T18:52:58,0,10,0,10
2024-12-07T19:26:08,0,10,0,10
2024-12-07T19:59:19,0,10,0,10
2024-12-07T20:32:31,0,10,0,10
2024-12-07T21:05:50,0,10,0,10
2024-12-07T21:39:02,0,10,0,10
2024-12-07T22:12:12,0,10,0,10
2024-12-07T22:45:22,0,10,0,10
2024-12-07T23:18:42,0,10,0,10
2024-12-07T23:51:51,0,10,0,10
2024-12-08T00:25:05,0,10,0,10
2024-12-08T00:58:18,0,10,0,10
2024-12-08T01:31:30,0,10,0,10
2024-12-08T02:04:43,0,10,0,10
2024-12-08T02:37:55,0,10,0,10
2024-12-08T03:11:16,0,10,0,10
2024-12-08T03:44:57,0,10,0,10
2024-12-08T04:50:52,0,10,0,10
2024-12-08T05:24:08,0,10,0,10
2024-12-08T05:57:29,0,10,0,10
2024-12-08T06:30:45,0,10,0,10
2024-12-08T07:04:00,0,10,0,10
2024-12-08T07:37:18,0,10,0,10
2024-12-08T08:11:07,0,10,0,10
2024-12-08T08:44:21,0,10,0,10
2024-12-08T09:17:35,0,10,0,10
2024-12-08T09:50:50,0,10,0,10
2024-12-08T10:24:07,0,10,0,10
2024-12-08T10:57:23,0,10,0,10
2024-12-08T11:30:46,0,10,0,10
2024-12-08T12:03:57,0,10,0,10
2024-12-08T12:37:07,0,10,0,10
2024-12-08T13:10:17,0,10,0,10
2024-12-08T13:43:36,0,10,0,10
2024-12-08T14:16:46,0,10,0,10
2024-12-08T14:49:59,0,10,0,10
2024-12-08T15:23:20,0,10,0,10
2024-12-08T15:56:30,0,10,0,10
2024-12-08T16:29:43,0,10,0,10
2024-12-08T17:03:02,0,10,0,10
2024-12-08T17:36:13,0,10,0,10
2024-12-08T18:09:24,0,10,0,10
2024-12-08T18:42:44,0,10,0,10
2024-12-08T19:15:58,0,10,0,10
2024-12-08T19:49:09,0,10,0,10
2024-12-08T20:22:28,0,10,0,10
2024-12-08T20:55:40,0,10,0,10
2024-12-08T21:28:51,0,10,0,10
2024-12-08T22:02:13,0,10,0,10
2024-12-08T22:35:23,0,10,0,10
2024-12-08T23:08:36,0,10,0,10
2024-12-08T23:41:48,0,10,0,10
2024-12-09T00:15:15,0,10,0,10
2024-12-09T00:48:33,0,10,0,10
2024-12-09T01:21:52,0,10,0,10
2024-12-09T01:55:07,0,10,0,10
2024-12-09T02:28:21,0,10,0,10
2024-12-09T03:01:44,0,10,0,10
2024-12-09T03:34:57,0,10,0,10
2024-12-09T04:08:12,0,10,0,10
2024-12-09T04:44:01,0,10,0,10
2024-12-09T05:17:16,0,10,0,10
2024-12-09T05:50:38,0,10,0,10
2024-12-09T06:23:53,0,10,0,10
2024-12-09T06:57:06,0,10,0,10
2024-12-09T07:30:22,0,10,0,10
2024-12-09T08:03:33,0,10,0,10
2024-12-09T08:36:53,0,10,0,10
2024-12-09T09:10:06,0,10,0,10
2024-12-09T09:43:19,0,10,0,10
2024-12-09T10:16:41,0,10,0,10
2024-12-09T10:49:59,0,10,0,10
2024-12-09T11:23:14,0,10,0,10
2024-12-09T11:56:35,0,10,0,10
2024-12-09T12:29:49,0,10,0,10
2024-12-09T13:03:11,0,10,0,10
2024-12-09T13:36:27,0,10,0,10
2024-12-09T14:09:45,0,10,0,10
2024-12-09T14:43:12,0,10,0,10
2024-12-09T15:16:36,0,10,0,10
2024-12-09T15:49:51,0,10,0,10
2024-12-09T16:23:03,0,10,0,10
2024-12-09T16:56:27,0,10,0,10
2024-12-09T17:29:41,0,10,0,10
2024-12-09T18:02:54,0,10,0,10
2024-12-09T18:36:20,0,10,0,10
2024-12-09T19:09:37,0,10,0,10
2024-12-09T19:42:54,0,10,0,10
2024-12-09T20:16:20,0,10,0,10
2024-12-09T20:49:35,0,10,0,10
2024-12-09T21:22:54,0,10,0,10
2024-12-09T21:56:20,0,10,0,10
2024-12-09T22:29:38,0,10,0,10
2024-12-09T23:02:55,0,10,0,10
2024-12-09T23:36:13,0,10,0,10
2024-12-10T00:09:49,0,10,0,10
2024-12-10T00:43:20,0,10,0,10
2024-12-10T01:16:44,0,10,0,10
2024-12-10T01:50:08,0,10,0,10
2024-12-10T02:23:31,0,10,0,10
2024-12-10T02:57:01,0,10,0,10
2024-12-10T03:30:18,0,10,0,10
2024-12-10T04:05:49,0,10,0,10
2024-12-10T04:43:43,0,10,0,10
2024-12-10T05:17:04,0,10,0,10
2024-12-10T05:50:27,0,10,0,10
2024-12-10T06:23:48,0,10,0,10
2024-12-10T06:57:08,0,10,0,10
2024-12-10T07:30:29,0,10,0,10
2024-12-10T08:03:47,0,10,0,10
2024-12-10T08:37:14,0,10,0,10
2024-12-10T09:10:32,0,10,0,10
2024-12-10T09:43:50,0,10,0,10
2024-12-10T10:17:09,0,10,0,10
2024-12-10T10:50:39,0,10,0,10
2024-12-10T11:23:58,0,10,0,10
2024-12-10T11:57:24,0,10,0,10
2024-12-10T12:30:43,0,10,0,10
2024-12-10T13:04:02,0,10,0,10
2024-12-10T13:37:30,0,10,0,10
2024-12-10T14:10:49,0,10,0,10
2024-12-10T14:44:20,0,10,0,10
2024-12-10T15:17:40,0,10,0,10
2024-12-10T15:50:58,0,10,0,10
2024-12-10T16:24:29,0,10,0,10
2024-12-10T16:57:48,0,10,0,10
2024-12-10T17:31:08,0,10,0,10
2024-12-10T18:04:37,0,10,0,10
2024-12-10T18:37:55,0,10,0,10
2024-12-10T19:11:15,0,10,0,10
2024-12-10T19:44:44,0,10,0,10
2024-12-10T20:18:03,0,10,0,10
2024-12-10T20:51:22,0,10,0,10
2024-12-10T21:24:52,0,10,0,10
2024-12-10T21:58:13,0,10,0,10
2024-12-10T22:31:33,0,10,0,10
2024-12-10T23:04:53,0,10,0,10
2024-12-10T23:38:22,0,10,0,10
2024-12-11T00:11:44,0,10,0,10
2024-12-11T00:45:16,0,10,0,10
2024-12-11T01:18:43,0,10,0,10
2024-12-11T01:52:16,0,10,0,10
2024-12-11T02:25:40,0,10,0,10
2024-12-11T02:59:04,0,10,0,10
2024-12-11T03:32:40,0,10,0,10
2024-12-11T04:06:09,0,10,0,10
2024-12-11T04:52:56,0,10,0,10
2024-12-11T05:26:21,0,10,0,10
2024-12-11T05:59:45,0,10,0,10
2024-12-11T06:33:09,0,10,0,10
2024-12-11T07:06:37,0,10,0,10
2024-12-11T07:39:59,0,10,0,10
2024-12-11T08:13:34,0,10,0,10
2024-12-11T08:46:55,0,10,0,10
2024-12-11T09:20:16,0,10,0,10
2024-12-11T09:53:36,0,10,0,10
2024-12-11T10:27:07,0,10,0,10
2024-12-11T11:00:30,0,10,0,10
2024-12-11T11:34:12,0,10,0,10
2024-12-11T12:07:34,0,10,0,10
2024-12-11T12:41:05,0,10,0,10
2024-12-11T13:14:26,0,10,0,10
2024-12-11T13:47:59,0,10,0,10
2024-12-11T14:21:20,0,10,0,10
2024-12-11T14:54:54,0,10,0,10
2024-12-11T15:28:34,0,10,0,10
2024-12-11T16:01:54,0,10,0,10
2024-12-11T16:35:25,0,10,0,10
2024-12-11T17:08:45,0,10,0,10
2024-12-11T17:42:05,0,10,0,10
2024-12-11T18:15:38,0,10,0,10
2024-12-11T18:48:58,0,10,0,10
2024-12-11T19:22:18,0,10,0,10
2024-12-11T19:55:56,0,10,0,10
2024-12-11T20:29:18,0,10,0,10
2024-12-11T21:02:38,0,10,0,10
2024-12-11T21:36:11,0,10,0,10
2024-12-11T22:09:32,0,10,0,10
2024-12-11T22:42:54,0,10,0,10
2024-12-11T23:16:25,0,10,0,10
2024-12-11T23:49:45,0,10,0,10
2024-12-12T00:23:23,0,10,0,10
2024-12-12T00:57:10,0,10,0,10
2024-12-12T01:30:36,0,10,0,10
2024-12-12T02:04:06,0,10,0,10
2024-12-12T02:37:28,0,10,0,10
2024-12-12T03:10:48,0,10,0,10
2024-12-12T03:44:11,0,10,0,10
2024-12-12T04:17:47,0,10,0,10
2024-12-12T04:52:03,0,10,0,10
2024-12-12T05:25:36,0,10,0,10
2024-12-12T05:59:01,0,10,0,10
2024-12-12T06:32:25,0,10,0,10
2024-12-12T07:05:51,0,10,0,10
2024-12-12T07:39:14,0,10,0,10
2024-12-12T08:12:49,0,10,0,10
2024-12-12T08:46:11,0,10,0,10
2024-12-12T09:19:33,0,10,0,10
2024-12-12T09:52:57,0,10,0,10
2024-12-12T10:26:29,0,10,0,10
2024-12-12T10:59:50,0,10,0,10
2024-12-12T11:33:31,0,10,0,10
2024-12-12T12:06:52,0,10,0,10
2024-12-12T12:40:24,0,10,0,10
2024-12-12T13:13:47,0,10,0,10
2024-12-12T13:47:23,0,10,0,10
2024-12-12T14:20:46,0,10,0,10
2024-12-12T14:54:19,0,10,0,10
2024-12-12T15:27:41,0,10,0,10
2024-12-12T16:01:24,0,10,0,10
2024-12-12T16:34:47,0,10,0,10
2024-12-12T17:08:11,0,10,0,10
2024-12-12T17:41:45,0,10,0,10
2024-12-12T18:15:09,0,10,0,10
2024-12-12T18:48:43,0,10,0,10
2024-12-12T19:22:06,0,10,0,10
2024-12-12T19:55:29,0,10,0,10
2024-12-12T20:29:04,0,10,0,10
2024-12-12T21:02:30,0,10,0,10
2024-12-12T21:35:55,0,10,0,10
2024-12-12T22:09:34,0,10,0,10
2024-12-12T22:42:58,0,10,0,10
2024-12-12T23:16:21,0,10,0,10
2024-12-12T23:49:44,0,10,0,10
2024-12-13T00:23:24,0,10,0,10
2024-12-13T00:56:55,0,10,0,10
2024-12-13T01:30:24,0,10,0,10
2024-12-13T02:03:59,0,10,0,10
2024-12-13T02:37:29,0,10,0,10
2024-12-13T03:11:12,0,10,0,10
2024-12-13T03:44:42,0,10,0,10
2024-12-13T04:51:20,0,10,0,10
2024-12-13T05:24:47,0,10,0,10
2024-12-13T05:58:13,0,10,0,10
2024-12-13T06:31:42,0,10,0,10
2024-12-13T07:05:10,0,10,0,10
2024-12-13T07:38:38,0,10,0,10
2024-12-13T08:12:20,0,10,0,10
2024-12-13T08:45:44,0,10,0,10
2024-12-13T09:19:09,0,10,0,10
2024-12-13T09:52:37,0,10,0,10
2024-12-13T10:26:16,0,10,0,10
2024-12-13T10:59:46,0,10,0,10
2024-12-13T11:33:33,0,10,0,10
2024-12-13T12:06:59,0,10,0,10
2024-12-13T12:40:25,0,10,0,10
2024-12-13T13:14:02,0,10,0,10
2024-12-13T13:47:30,0,10,0,10
2024-12-13T14:21:16,0,10,0,10
2024-12-13T14:54:57,0,10,0,10
2024-12-13T15:28:28,0,10,0,10
2024-12-13T16:02:13,0,10,0,10
2024-12-13T16:35:40,0,10,0,10
2024-12-13T17:09:08,0,10,0,10
2024-12-13T17:42:47,0,10,0,10
2024-12-13T18:16:14,0,10,0,10
2024-12-13T18:49:52,0,10,0,10
2024-12-13T19:23:28,0,10,0,10
2024-12-13T19:57:04,0,10,0,10
2024-12-13T20:30:41,0,10,0,10
2024-12-13T21:04:06,0,10,0,10
2024-12-13T21:37:57,0,10,0,10
2024-12-13T22:11:23,0,10,0,10
2024-12-13T22:45:02,0,10,0,10
2024-12-13T23:18:48,0,10,0,10
2024-12-13T23:52:15,0,10,0,10
2024-12-14T00:25:57,0,10,0,10
2024-12-14T00:59:49,0,10,0,10
2024-12-14T01:33:16,0,10,0,10
2024-12-14T02:06:54,0,10,0,10
2024-12-14T02:40:20,0,10,0,10
2024-12-14T03:14:05,0,10,0,10
2024-12-14T03:47:30,0,10,0,10
2024-12-14T04:47:52,0,10,0,10
2024-12-14T05:21:21,0,10,0,10
2024-12-14T05:54:57,0,10,0,10
2024-12-14T06:28:33,0,10,0,10
2024-12-14T07:02:05,0,10,0,10
2024-12-14T07:35:43,0,10,0,10
2024-12-14T08:09:17,0,10,0,10
2024-12-14T08:42:44,0,10,0,10
2024-12-14T09:16:20,0,10,0,10
2024-12-14T09:49:48,0,10,0,10
2024-12-14T10:23:24,0,10,0,10
2024-12-14T10:57:01,0,10,0,10
2024-12-14T11:30:29,0,10,0,10
2024-12-14T12:04:03,0,10,0,10
2024-12-14T12:37:28,0,10,0,10
2024-12-14T13:11:02,0,10,0,10
2024-12-14T13:44:27,0,10,0,10
2024-12-14T14:18:01,0,10,0,10
2024-12-14T14:51:40,0,10,0,10
2024-12-14T15:25:15,0,10,0,10
2024-12-14T15:58:50,0,10,0,10
2024-12-14T16:32:15,0,10,0,10
2024-12-14T17:05:48,0,10,0,10
2024-12-14T17:39:24,0,10,0,10
2024-12-14T18:12:48,0,10,0,10
2024-12-14T18:46:24,0,10,0,10
2024-12-14T19:19:49,0,10,0,10
2024-12-14T19:53:25,0,10,0,10
2024-12-14T20:26:50,0,10,0,10
2024-12-14T21:00:25,0,10,0,10
2024-12-14T21:33:50,0,10,0,10
2024-12-14T22:07:26,0,10,0,10
2024-12-14T22:40:52,0,10,0,10
2024-12-14T23:14:27,0,10,0,10
2024-12-14T23:48:01,0,10,0,10
2024-12-15T00:21:26,0,10,0,10
2024-12-15T01:22:07,0,10,0,10
2024-12-15T01:55:34,0,10,0,10
2024-12-15T02:29:11,0,10,0,10
2024-12-15T03:02:38,0,10,0,10
2024-12-15T03:36:17,0,10,0,10
2024-12-15T04:42:30,0,10,0,10
2024-12-15T05:16:26,0,10,0,10
2024-12-15T05:50:06,0,10,0,10
2024-12-15T06:23:38,0,10,0,10
2024-12-15T06:57:09,0,10,0,10
2024-12-15T07:30:41,0,10,0,10
2024-12-15T08:04:21,0,10,0,10
2024-12-15T08:37:49,0,10,0,10
2024-12-15T09:11:16,0,10,0,10
2024-12-15T09:44:45,0,10,0,10
2024-12-15T10:18:16,0,10,0,10
2024-12-15T10:51:56,0,10,0,10
2024-12-15T11:25:26,0,10,0,10
2024-12-15T11:58:53,0,10,0,10
2024-12-15T12:32:29,0,10,0,10
2024-12-15T13:05:55,0,10,0,10
2024-12-15T13:39:22,0,10,0,10
2024-12-15T14:12:48,0,10,0,10
2024-12-15T14:46:26,0,10,0,10
2024-12-15T15:19:52,0,10,0,10
2024-12-15T15:53:18,0,10,0,10
2024-12-15T16:26:57,0,10,0,10
2024-12-15T17:00:23,0,10,0,10
2024-12-15T17:33:50,0,10,0,10
2024-12-15T18:07:27,0,10,0,10
2024-12-15T18:40:54,0,10,0,10
2024-12-15T19:14:20,0,10,0,10
2024-12-15T19:47:58,0,10,0,10
2024-12-15T20:21:24,0,10,0,10
2024-12-15T20:54:52,0,10,0,10
2024-12-15T21:28:32,0,10,0,10
2024-12-15T22:02:00,0,10,0,10
2024-12-15T22:35:30,0,10,0,10
2024-12-15T23:09:09,0,10,0,10
2024-12-15T23:42:36,0,10,0,10
2024-12-16T00:16:03,0,10,0,10
2024-12-16T00:49:48,0,10,0,10
2024-12-16T01:23:23,0,10,0,10
2024-12-16T01:56:54,0,10,0,10
2024-12-16T02:30:35,0,10,0,10
2024-12-16T03:04:03,0,10,0,10
2024-12-16T03:37:42,0,10,0,10
2024-12-16T04:45:13,0,10,0,10
2024-12-16T05:18:42,0,10,0,10
2024-12-16T05:52:16,0,10,0,10
2024-12-16T06:25:49,0,10,0,10
2024-12-16T06:59:23,0,10,0,10
2024-12-16T07:32:58,0,10,0,10
2024-12-16T08:06:38,0,10,0,10
2024-12-16T08:40:09,0,10,0,10
2024-12-16T09:13:39,0,10,0,10
2024-12-16T09:47:22,0,10,0,10
2024-12-16T10:20:51,0,10,0,10
2024-12-16T10:54:22,0,10,0,10
2024-12-16T11:28:06,0,10,0,10
2024-12-16T12:01:45,0,10,0,10
2024-12-16T12:35:25,0,10,0,10
2024-12-16T13:08:53,0,10,0,10
2024-12-16T13:42:35,0,10,0,10
2024-12-16T14:16:06,0,10,0,10
2024-12-16T14:49:45,0,10,0,10
2024-12-16T15:23:16,0,10,0,10
2024-12-16T15:56:56,0,10,0,10
2024-12-16T16:30:42,0,10,0,10
2024-12-16T17:04:12,0,10,0,10
2024-12-16T17:37:52,0,10,0,10
2024-12-16T18:11:35,0,10,0,10
2024-12-16T18:45:06,0,10,0,10
2024-12-16T19:18:46,0,10,0,10
2024-12-16T19:52:16,0,10,0,10
2024-12-16T20:25:56,0,10,0,10
2024-12-16T20:59:39,0,10,0,10
2024-12-16T21:33:12,0,10,0,10
2024-12-16T22:06:57,0,10,0,10
2024-12-16T22:40:42,0,10,0,10
2024-12-16T23:14:11,0,10,0,10
2024-12-16T23:47:42,0,10,0,10
2024-12-17T00:21:29,0,10,0,10
2024-12-17T00:55:08,0,10,0,10
2024-12-17T01:28:47,0,10,0,10
2024-12-17T02:02:43,0,10,0,10
2024-12-17T02:36:19,0,10,0,10
2024-12-17T03:09:51,0,10,0,10
2024-12-17T03:43:24,0,10,0,10
2024-12-17T04:48:01,0,10,0,10
2024-12-17T05:21:31,0,10,0,10
2024-12-17T05:55:04,0,10,0,10
2024-12-17T06:28:36,0,10,0,10
2024-12-17T07:02:18,0,10,0,10
2024-12-17T07:36:06,0,10,0,10
2024-12-17T08:09:40,0,10,0,10
2024-12-17T08:43:13,0,10,0,10
2024-12-17T09:16:54,0,10,0,10
2024-12-17T09:50:30,0,10,0,10
2024-12-17T10:24:16,0,10,0,10
2024-12-17T10:58:04,0,10,0,10
2024-12-17T11:31:42,0,10,0,10
2024-12-17T12:05:30,0,10,0,10
2024-12-17T12:39:14,0,10,0,10
2024-12-17T13:13:01,0,10,0,10
2024-12-17T13:46:36,0,10,0,10
2024-12-17T14:20:20,0,10,0,10
2024-12-17T14:54:04,0,10,0,10
2024-12-17T15:27:50,0,10,0,10
2024-12-17T16:01:24,0,10,0,10
2024-12-17T16:35:10,0,10,0,10
2024-12-17T17:08:51,0,10,0,10
2024-12-17T17:42:25,0,10,0,10
2024-12-17T18:16:09,0,10,0,10
2024-12-17T18:49:56,0,10,0,10
2024-12-17T19:23:44,0,10,0,10
2024-12-17T19:57:17,0,10,0,10
2024-12-17T20:31:01,0,10,0,10
2024-12-17T21:04:49,0,10,0,10
2024-12-17T21:38:25,0,10,0,10
2024-12-17T22:12:10,0,10,0,10
2024-12-17T22:46:01,0,10,0,10
2024-12-17T23:19:38,0,10,0,10
2024-12-17T23:53:24,0,10,0,10
2024-12-18T00:27:08,0,10,0,10
2024-12-18T01:01:03,0,10,0,10
2024-12-18T01:34:53,0,10,0,10
2024-12-18T02:08:54,0,10,0,10
2024-12-18T02:42:34,0,10,0,10
2024-12-18T03:16:10,0,10,0,10
2024-12-18T03:50:00,0,10,0,10
2024-12-18T04:43:17,0,10,0,10
2024-12-18T05:16:56,0,10,0,10
2024-12-18T05:50:33,0,10,0,10
2024-12-18T06:24:09,0,10,0,10
2024-12-18T06:57:56,0,10,0,10
2024-12-18T07:31:36,0,10,0,10
2024-12-18T08:05:13,0,10,0,10
2024-12-18T08:39:00,0,10,0,10
2024-12-18T09:12:38,0,10,0,10
2024-12-18T09:46:27,0,10,0,10
2024-12-18T10:20:18,0,10,0,10
2024-12-18T10:53:54,0,10,0,10
2024-12-18T11:28:00,0,10,0,10
2024-12-18T12:01:35,0,10,0,10
2024-12-18T12:35:22,0,10,0,10
2024-12-18T13:09:11,0,10,0,10
2024-12-18T13:42:47,0,10,0,10
2024-12-18T14:16:34,0,10,0,10
2024-12-18T14:50:24,0,10,0,10
2024-12-18T15:24:02,0,10,0,10
2024-12-18T15:57:49,0,10,0,10
2024-12-18T16:31:39,0,10,0,10
2024-12-18T17:05:16,0,10,0,10
2024-12-18T17:39:05,0,10,0,10
2024-12-18T18:12:44,0,10,0,10
2024-12-18T18:46:35,0,10,0,10
2024-12-18T19:20:11,0,10,0,10
2024-12-18T19:54:00,0,10,0,10
2024-12-18T20:27:37,0,10,0,10
2024-12-18T21:01:12,0,10,0,10
2024-12-18T21:35:02,0,10,0,10
2024-12-18T22:08:39,0,10,0,10
2024-12-18T22:42:27,0,10,0,10
2024-12-18T23:16:01,0,10,0,10
2024-12-18T23:49:49,0,10,0,10
2024-12-19T00:23:27,0,10,0,10
2024-12-19T00:56:58,0,10,0,10
2024-12-19T01:30:45,0,10,0,10
2024-12-19T02:04:31,0,10,0,10
2024-12-19T02:38:01,0,10,0,10
2024-12-19T03:11:35,0,10,0,10
2024-12-19T03:45:11,0,10,0,10
2024-12-19T04:47:59,0,10,0,10
2024-12-19T05:21:40,0,10,0,10
2024-12-19T05:55:23,0,10,0,10
2024-12-19T06:29:04,0,10,0,10
2024-12-19T07:02:47,0,10,0,10
2024-12-19T07:36:25,0,10,0,10
2024-12-19T08:10:09,0,10,0,10
2024-12-19T08:43:47,0,10,0,10
2024-12-19T09:17:23,0,10,0,10
2024-12-19T09:51:19,0,10,0,10
2024-12-19T10:24:56,0,10,0,10
2024-12-19T10:58:31,0,10,0,10
2024-12-19T11:32:19,0,10,0,10
2024-12-19T12:05:57,0,10,0,10
2024-12-19T12:39:48,0,10,0,10
2024-12-19T13:13:26,0,10,0,10
2024-12-19T13:47:15,0,10,0,10
2024-12-19T14:20:53,0,10,0,10
2024-12-19T14:54:40,0,10,0,10
2024-12-19T15:28:19,0,10,0,10
2024-12-19T16:02:07,0,10,0,10
2024-12-19T16:35:49,0,10,0,10
2024-12-19T17:09:25,0,10,0,10
2024-12-19T17:43:12,0,10,0,10
2024-12-19T18:16:54,0,10,0,10
2024-12-19T18:50:45,0,10,0,10
2024-12-19T19:24:22,0,10,0,10
2024-12-19T19:58:12,0,10,0,10
2024-12-19T20:31:49,0,10,0,10
2024-12-19T21:05:29,0,10,0,10
2024-12-19T21:39:21,0,10,0,10
2024-12-19T22:13:01,0,10,0,10
2024-12-19T22:46:49,0,10,0,10
2024-12-19T23:20:26,0,10,0,10
2024-12-19T23:54:17,0,10,0,10
2024-12-20T00:28:08,0,10,0,10
2024-12-20T01:02:05,0,10,0,10
2024-12-20T01:35:48,0,10,0,10
2024-12-20T02:09:32,0,10,0,10
2024-12-20T02:43:13,0,10,0,10
2024-12-20T03:16:57,0,10,0,10
2024-12-20T03:50:57,0,10,0,10
2024-12-20T04:45:39,0,10,0,10
2024-12-20T05:19:19,0,10,0,10
2024-12-20T05:53:01,0,10,0,10
2024-12-20T06:26:40,0,10,0,10
2024-12-20T07:00:18,0,10,0,10
2024-12-20T07:33:58,0,10,0,10
2024-12-20T08:07:46,0,10,0,10
2024-12-20T08:41:24,0,10,0,10
2024-12-20T09:15:03,0,10,0,10
2024-12-20T09:48:41,0,10,0,10
2024-12-20T10:22:27,0,10,0,10
2024-12-20T10:56:05,0,10,0,10
2024-12-20T11:29:52,0,10,0,10
2024-12-20T12:03:30,0,10,0,10
2024-12-20T12:37:07,0,10,0,10
2024-12-20T13:10:54,0,10,0,10
2024-12-20T13:44:31,0,10,0,10
2024-12-20T14:18:18,0,10,0,10
2024-12-20T14:51:56,0,10,0,10
2024-12-20T15:25:45,0,10,0,10
2024-12-20T15:59:23,0,10,0,10
2024-12-20T16:33:03,0,10,0,10
2024-12-20T17:06:49,0,10,0,10
2024-12-20T17:40:27,0,10,0,10
2024-12-20T18:14:07,0,10,0,10
2024-12-20T18:47:53,0,10,0,10
2024-12-20T19:21:32,0,10,0,10
2024-12-20T19:55:11,0,10,0,10
2024-12-20T20:29:01,0,10,0,10
2024-12-20T21:02:38,0,10,0,10
2024-12-20T21:36:18,0,10,0,10
2024-12-20T22:09:59,0,10,0,10
2024-12-20T22:43:52,0,10,0,10
2024-12-20T23:17:32,0,10,0,10
2024-12-20T23:51:12,0,10,0,10
2024-12-21T00:25:07,0,10,0,10
2024-12-21T00:58:50,0,10,0,10
2024-12-21T01:32:30,0,10,0,10
2024-12-21T02:06:17,0,10,0,10
2024-12-21T02:39:59,0,10,0,10
2024-12-21T03:13:51,0,10,0,10
2024-12-21T03:47:32,0,10,0,10
2024-12-21T04:50:23,0,10,0,10
2024-12-21T05:24:07,0,10,0,10
2024-12-21T05:57:49,0,10,0,10
2024-12-21T06:31:31,0,10,0,10
2024-12-21T07:05:12,0,10,0,10
2024-12-21T07:39:07,0,10,0,10
2024-12-21T08:12:46,0,10,0,10
2024-12-21T08:46:24,0,10,0,10
2024-12-21T09:20:01,0,10,0,10
2024-12-21T09:53:49,0,10,0,10
2024-12-21T10:27:27,0,10,0,10
2024-12-21T11:01:04,0,10,0,10
2024-12-21T11:34:43,0,10,0,10
2024-12-21T12:08:30,0,10,0,10
2024-12-21T12:42:08,0,10,0,10
2024-12-21T13:15:46,0,10,0,10
2024-12-21T13:49:24,0,10,0,10
2024-12-21T14:23:11,0,10,0,10
2024-12-21T14:56:48,0,10,0,10
2024-12-21T15:30:26,0,10,0,10
2024-12-21T16:04:04,0,10,0,10
2024-12-21T16:37:53,0,10,0,10
2024-12-21T17:11:31,0,10,0,10
2024-12-21T17:45:09,0,10,0,10
2024-12-21T18:18:47,0,10,0,10
2024-12-21T18:52:36,0,10,0,10
2024-12-21T19:26:13,0,10,0,10
2024-12-21T19:59:51,0,10,0,10
2024-12-21T20:33:28,0,10,0,10
2024-12-21T21:07:05,0,10,0,10
2024-12-21T21:40:55,0,10,0,10
2024-12-21T22:14:34,0,10,0,10
2024-12-21T22:48:12,0,10,0,10
2024-12-21T23:21:50,0,10,0,10
2024-12-21T23:55:40,0,10,0,10
2024-12-22T00:29:26,0,10,0,10
2024-12-22T01:03:08,0,10,0,10
2024-12-22T01:36:48,0,10,0,10
2024-12-22T02:10:31,0,10,0,10
2024-12-22T02:44:13,0,10,0,10
2024-12-22T03:18:04,0,10,0,10
2024-12-22T03:51:45,0,10,0,10
2024-12-22T04:43:16,0,10,0,10
2024-12-22T05:16:59,0,10,0,10
2024-12-22T05:50:43,0,10,0,10
2024-12-22T06:24:28,0,10,0,10
2024-12-22T06:58:10,0,10,0,10
2024-12-22T07:31:54,0,10,0,10
2024-12-22T08:05:37,0,10,0,10
2024-12-22T08:39:28,0,10,0,10
2024-12-22T09:13:14,0,10,0,10
2024-12-22T09:47:00,0,10,0,10
2024-12-22T10:20:47,0,10,0,10
2024-12-22T10:54:30,0,10,0,10
2024-12-22T11:28:25,0,10,0,10
2024-12-22T12:02:04,0,10,0,10
2024-12-22T12:35:43,0,10,0,10
2024-12-22T13:09:21,0,10,0,10
2024-12-22T13:42:58,0,10,0,10
2024-12-22T14:16:47,0,10,0,10
2024-12-22T14:50:25,0,10,0,10
2024-12-22T15:24:04,0,10,0,10
2024-12-22T15:57:42,0,10,0,10
2024-12-22T16:31:32,0,10,0,10
2024-12-22T17:05:10,0,10,0,10
2024-12-22T17:38:49,0,10,0,10
2024-12-22T18:12:26,0,10,0,10
2024-12-22T18:46:14,0,10,0,10
2024-12-22T19:19:52,0,10,0,10
2024-12-22T19:53:30,0,10,0,10
2024-12-22T20:27:08,0,10,0,10
2024-12-22T21:00:46,0,10,0,10
2024-12-22T21:34:35,0,10,0,10
2024-12-22T22:08:21,0,10,0,10
2024-12-22T22:42:05,0,10,0,10
2024-12-22T23:15:44,0,10,0,10
2024-12-22T23:49:32,0,10,0,10
2024-12-23T00:23:15,0,10,0,10
2024-12-23T00:57:05,0,10,0,10
2024-12-23T01:30:52,0,10,0,10
2024-12-23T02:04:36,0,10,0,10
2024-12-23T02:38:37,0,10,0,10
2024-12-23T03:12:17,0,10,0,10
2024-12-23T03:45:58,0,10,0,10
2024-12-23T04:37:38,0,10,0,10
2024-12-23T05:11:22,0,10,0,10
2024-12-23T05:45:06,0,10,0,10
2024-12-23T06:18:49,0,10,0,10
2024-12-23T06:52:32,0,10,0,10
2024-12-23T07:26:16,0,10,0,10
2024-12-23T08:00:02,0,10,0,10
2024-12-23T08:33:41,0,10,0,10
2024-12-23T09:07:22,0,10,0,10
2024-12-23T09:41:01,0,10,0,10
2024-12-23T10:14:40,0,10,0,10
2024-12-23T10:48:23,0,10,0,10
2024-12-23T11:22:14,0,10,0,10
2024-12-23T11:55:54,0,10,0,10
2024-12-23T12:29:34,0,10,0,10
2024-12-23T13:03:24,0,10,0,10
2024-12-23T13:37:02,0,10,0,10
2024-12-23T14:10:41,0,10,0,10
2024-12-23T14:44:30,0,10,0,10
2024-12-23T15:18:08,0,10,0,10
2024-12-23T15:51:47,0,10,0,10
2024-12-23T16:25:25,0,10,0,10
2024-12-23T16:59:13,0,10,0,10
2024-12-23T17:32:53,0,10,0,10
2024-12-23T18:06:32,0,10,0,10
2024-12-23T18:40:10,0,10,0,10
2024-12-23T19:13:49,0,10,0,10
2024-12-23T19:47:27,0,10,0,10
2024-12-23T20:21:14,0,10,0,10
2024-12-23T20:54:52,0,10,0,10
2024-12-23T21:28:35,0,10,0,10
2024-12-23T22:02:25,0,10,0,10
2024-12-23T22:36:06,0,10,0,10
2024-12-23T23:09:44,0,10,0,10
2024-12-23T23:43:23,0,10,0,10
2024-12-24T00:17:13,0,10,0,10
2024-12-24T00:50:57,0,10,0,10
2024-12-24T01:24:40,0,10,0,10
2024-12-24T01:58:34,0,10,0,10
2024-12-24T02:32:26,0,10,0,10
2024-12-24T03:06:06,0,10,0,10
2024-12-24T03:39:46,0,10,0,10
2024-12-24T04:14:45,0,10,0,10
2024-12-24T04:49:31,0,10,0,10
2024-12-24T05:23:13,0,10,0,10
2024-12-24T05:56:57,0,10,0,10
2024-12-24T06:30:39,0,10,0,10
2024-12-24T07:04:25,0,10,0,10
2024-12-24T07:38:05,0,10,0,10
2024-12-24T08:11:51,0,10,0,10
2024-12-24T08:45:30,0,10,0,10
2024-12-24T09:19:07,0,10,0,10
2024-12-24T09:52:45,0,10,0,10
2024-12-24T10:26:22,0,10,0,10
2024-12-24T11:00:00,0,10,0,10
2024-12-24T11:33:49,0,10,0,10
2024-12-24T12:07:27,0,10,0,10
2024-12-24T12:41:05,0,10,0,10
2024-12-24T13:14:44,0,10,0,10
2024-12-24T13:48:21,0,10,0,10
2024-12-24T14:21:59,0,10,0,10
2024-12-24T14:55:49,0,10,0,10
2024-12-24T15:29:26,0,10,0,10
2024-12-24T16:03:05,0,10,0,10
2024-12-24T16:36:43,0,10,0,10
2024-12-24T17:10:21,0,10,0,10
2024-12-24T17:44:09,0,10,0,10
2024-12-24T18:17:47,0,10,0,10
2024-12-24T18:51:25,0,10,0,10
2024-12-24T19:25:03,0,10,0,10
2024-12-24T19:58:41,0,10,0,10
2024-12-24T20:32:18,0,10,0,10
2024-12-24T21:06:08,0,10,0,10
2024-12-24T21:39:46,0,10,0,10
2024-12-24T22:13:24,0,10,0,10
2024-12-24T22:47:01,0,10,0,10
2024-12-24T23:20:40,0,10,0,10
2024-12-24T23:54:19,0,10,0,10
2024-12-25T00:28:00,0,10,0,10
2024-12-25T01:01:56,0,10,0,10
2024-12-25T01:35:41,0,10,0,10
2024-12-25T02:09:25,0,10,0,10
2024-12-25T02:43:15,0,10,0,10
2024-12-25T03:16:58,0,10,0,10
2024-12-25T03:50:39,0,10,0,10
2024-12-25T04:43:18,0,10,0,10
2024-12-25T05:17:01,0,10,0,10
2024-12-25T05:50:46,0,10,0,10
2024-12-25T06:24:28,0,10,0,10
2024-12-25T06:58:09,0,10,0,10
2024-12-25T07:31:51,0,10,0,10
2024-12-25T08:05:29,0,10,0,10
2024-12-25T08:39:07,0,10,0,10
2024-12-25T09:12:46,0,10,0,10
2024-12-25T09:46:30,0,10,0,10
2024-12-25T10:20:07,0,10,0,10
2024-12-25T10:53:45,0,10,0,10
2024-12-25T11:27:24,0,10,0,10
2024-12-25T12:01:02,0,10,0,10
2024-12-25T12:34:40,0,10,0,10
2024-12-25T13:08:25,0,10,0,10
2024-12-25T13:42:03,0,10,0,10
2024-12-25T14:15:41,0,10,0,10
2024-12-25T14:49:18,0,10,0,10
2024-12-25T15:22:56,0,10,0,10
2024-12-25T15:56:46,0,10,0,10
2024-12-25T16:30:24,0,10,0,10
2024-12-25T17:04:05,0,10,0,10
2024-12-25T17:37:43,0,10,0,10
2024-12-25T18:11:21,0,10,0,10
2024-12-25T18:44:59,0,10,0,10
2024-12-25T19:18:38,0,10,0,10
2024-12-25T19:52:25,0,10,0,10
2024-12-25T20:26:04,0,10,0,10
2024-12-25T20:59:42,0,10,0,10
2024-12-25T21:33:21,0,10,0,10
2024-12-25T22:06:59,0,10,0,10
2024-12-25T22:40:38,0,10,0,10
2024-12-25T23:14:27,0,10,0,10
2024-12-25T23:48:06,0,10,0,10
2024-12-26T00:21:49,0,10,0,10
2024-12-26T00:55:32,0,10,0,10
2024-12-26T01:29:14,0,10,0,10
2024-12-26T02:03:05,0,10,0,10
2024-12-26T02:36:54,0,10,0,10
2024-12-26T03:10:44,0,10,0,10
2024-12-26T03:44:26,0,10,0,10
2024-12-26T04:44:10,0,10,0,10
2024-12-26T05:17:52,0,10,0,10
2024-12-26T05:51:35,0,10,0,10
2024-12-26T06:25:18,0,10,0,10
2024-12-26T06:59:04,0,10,0,10
2024-12-26T07:32:45,0,10,0,10
2024-12-26T08:06:22,0,10,0,10
2024-12-26T08:40:00,0,10,0,10
2024-12-26T09:13:46,0,10,0,10
2024-12-26T09:47:23,0,10,0,10
2024-12-26T10:21:02,0,10,0,10
2024-12-26T10:54:39,0,10,0,10
2024-12-26T11:28:35,0,10,0,10
2024-12-26T12:02:13,0,10,0,10
2024-12-26T12:35:51,0,10,0,10
2024-12-26T13:09:29,0,10,0,10
2024-12-26T13:43:16,0,10,0,10
2024-12-26T14:16:53,0,10,0,10
2024-12-26T14:50:32,0,10,0,10
2024-12-26T15:24:26,0,10,0,10
2024-12-26T15:58:04,0,10,0,10
2024-12-26T16:31:43,0,10,0,10
2024-12-26T17:05:21,0,10,0,10
2024-12-26T17:39:57,0,10,0,10
2024-12-26T18:14:02,0,10,0,10
2024-12-26T18:47:51,0,10,0,10
2024-12-26T19:22:03,0,10,0,10
2024-12-26T19:55:40,0,10,0,10
2024-12-26T20:29:18,0,10,0,10
2024-12-26T21:02:55,0,10,0,10
2024-12-26T21:36:52,0,10,0,10
2024-12-26T22:10:30,0,10,0,10
2024-12-26T22:44:07,0,10,0,10
2024-12-26T23:17:46,0,10,0,10
2024-12-26T23:51:25,0,10,0,10
2024-12-27T00:25:17,0,10,0,10
2024-12-27T00:59:00,0,10,0,10
2024-12-27T01:32:43,0,10,0,10
2024-12-27T02:06:27,0,10,0,10
2024-12-27T02:40:14,0,10,0,10
2024-12-27T03:14:04,0,10,0,10
2024-12-27T03:47:55,0,10,0,10
2024-12-28T15:33:27,0,10,0,10
2024-12-28T16:07:18,0,10,0,10
2024-12-28T16:40:57,0,10,0,10
2024-12-28T17:14:36,0,10,0,10
2024-12-28T17:48:17,0,10,0,10
2024-12-28T18:21:58,0,10,0,10
2024-12-28T18:55:47,0,10,0,10
2024-12-28T19:29:27,0,10,0,10
2024-12-28T20:03:07,0,10,0,10
2024-12-28T20:36:46,0,10,0,10
2024-12-28T21:10:27,0,10,0,10
2024-12-28T21:44:08,0,10,0,10
2024-12-28T22:17:57,0,10,0,10
2024-12-28T22:51:36,0,10,0,10
2024-12-28T23:25:18,0,10,0,10
2024-12-28T23:58:58,0,10,0,10
2024-12-29T00:32:54,0,10,0,10
2024-12-29T01:06:40,0,10,0,10
2024-12-29T01:40:23,0,10,0,10
2024-12-29T02:14:10,0,10,0,10
2024-12-29T02:47:55,0,10,0,10
2024-12-29T03:21:41,0,10,0,10
2024-12-29T03:55:32,0,10,0,10
2024-12-29T04:40:23,0,10,0,10
2024-12-29T05:14:07,0,10,0,10
2024-12-29T05:47:54,0,10,0,10
2024-12-29T06:21:38,0,10,0,10
2024-12-29T06:55:24,0,10,0,10
2024-12-29T07:29:08,0,10,0,10
2024-12-29T08:02:51,0,10,0,10
2024-12-29T08:36:37,0,10,0,10
2024-12-29T09:10:24,0,10,0,10
2024-12-29T09:44:23,0,10,0,10
2024-12-29T10:18:14,0,10,0,10
2024-12-29T10:52:00,0,10,0,10
2024-12-29T11:25:44,0,10,0,10
2024-12-29T11:59:25,0,10,0,10
2024-12-29T12:33:17,0,10,0,10
2024-12-29T13:06:56,0,10,0,10
2024-12-29T13:40:36,0,10,0,10
2024-12-29T14:14:16,0,10,0,10
2024-12-29T14:48:05,0,10,0,10
2024-12-29T15:21:47,0,10,0,10
2024-12-29T15:55:29,0,10,0,10
2024-12-29T16:29:09,0,10,0,10
2024-12-29T17:03:05,0,10,0,10
2024-12-29T17:36:45,0,10,0,10
2024-12-29T18:10:24,0,10,0,10
2024-12-29T18:44:03,0,10,0,10
2024-12-29T19:17:43,0,10,0,10
2024-12-29T19:51:22,0,10,0,10
2024-12-29T20:25:12,0,10,0,10
2024-12-29T20:58:51,0,10,0,10
2024-12-29T21:32:32,0,10,0,10
2024-12-29T22:06:21,0,10,0,10
2024-12-29T22:40:09,0,10,0,10
2024-12-29T23:14:02,0,10,0,10
2024-12-29T23:47:43,0,10,0,10
2024-12-30T00:21:27,0,10,0,10
2024-12-30T00:55:23,0,10,0,10
2024-12-30T01:29:15,0,10,0,10
2024-12-30T02:03:10,0,10,0,10
2024-12-30T02:37:00,0,10,0,10
2024-12-30T03:10:42,0,10,0,10
2024-12-30T03:44:25,0,10,0,10
2024-12-30T04:47:16,0,10,0,10
2024-12-30T05:21:04,0,10,0,10
2024-12-30T05:56:49,0,10,0,10
2024-12-30T06:30:33,0,10,0,10
2024-12-30T07:04:18,0,10,0,10
2024-12-30T07:37:59,0,10,0,10
2024-12-30T08:11:37,0,10,0,10
2024-12-30T08:45:19,0,10,0,10
2024-12-30T09:19:08,0,10,0,10
2024-12-30T09:52:46,0,10,0,10
2024-12-30T10:26:26,0,10,0,10
2024-12-30T11:00:04,0,10,0,10
2024-12-30T11:33:53,0,10,0,10
2024-12-30T12:07:32,0,10,0,10
2024-12-30T12:41:12,0,10,0,10
2024-12-30T13:14:51,0,10,0,10
2024-12-30T13:48:38,0,10,0,10
2024-12-30T14:22:16,0,10,0,10
2024-12-30T14:55:55,0,10,0,10
2024-12-30T15:29:34,0,10,0,10
2024-12-30T16:03:24,0,10,0,10
2024-12-30T16:37:03,0,10,0,10
2024-12-30T17:10:42,0,10,0,10
2024-12-30T17:44:30,0,10,0,10
2024-12-30T18:18:09,0,10,0,10
2024-12-30T18:51:48,0,10,0,10
2024-12-30T19:25:37,0,10,0,10
2024-12-30T19:59:16,0,10,0,10
2024-12-30T20:32:54,0,10,0,10
2024-12-30T21:06:33,0,10,0,10
2024-12-30T21:40:14,0,10,0,10
2024-12-30T22:14:03,0,10,0,10
2024-12-30T22:47:42,0,10,0,10
2024-12-30T23:21:22,0,10,0,10
2024-12-30T23:55:03,0,10,0,10
2024-12-31T00:28:49,0,10,0,10
2024-12-31T01:02:35,0,10,0,10
2024-12-31T01:36:28,0,10,0,10
2024-12-31T02:10:12,0,10,0,10
2024-12-31T02:44:02,0,10,0,10
2024-12-31T03:17:44,0,10,0,10
2024-12-31T03:51:26,0,10,0,10
2024-12-31T04:43:42,0,10,0,10
2024-12-31T05:17:27,0,10,0,10
2024-12-31T05:51:16,0,10,0,10
2024-12-31T06:24:59,0,10,0,10
2024-12-31T06:58:44,0,10,0,10
2024-12-31T07:32:29,0,10,0,10
2024-12-31T08:06:07,0,10,0,10
2024-12-31T08:39:51,0,10,0,10
2024-12-31T09:13:41,0,10,0,10
2024-12-31T09:47:21,0,10,0,10
2024-12-31T10:21:01,0,10,0,10
2024-12-31T10:54:41,0,10,0,10
2024-12-31T11:28:24,0,10,0,10
2024-12-31T12:02:07,0,10,0,10
2024-12-31T12:35:57,0,10,0,10
2024-12-31T13:09:38,0,10,0,10
2024-12-31T13:43:22,0,10,0,10
2024-12-31T14:17:03,0,10,0,10
2024-12-31T14:50:46,0,10,0,10
2024-12-31T15:24:36,0,10,0,10
2024-12-31T15:58:20,0,10,0,10
2024-12-31T16:32:02,0,10,0,10
2024-12-31T17:05:43,0,10,0,10
2024-12-31T17:39:23,0,10,0,10
2024-12-31T18:13:14,0,10,0,10
2024-12-31T18:46:55,0,10,0,10
2024-12-31T19:20:36,0,10,0,10
2024-12-31T19:54:16,0,10,0,10
2024-12-31T20:27:56,0,10,0,10
2024-12-31T21:01:47,0,10,0,10
2024-12-31T21:35:34,0,10,0,10
2024-12-31T22:09:17,0,10,0,10
2024-12-31T22:42:57,0,10,0,10
2024-12-31T23:16:37,0,10,0,10
2024-12-31T23:50:18,0,10,0,10
2025-01-01T00:24:13,0,10,0,10
2025-01-01T00:57:59,0,10,0,10
2025-01-01T01:31:43,0,10,0,10
2025-01-01T02:05:28,0,10,0,10
2025-01-01T02:39:19,0,10,0,10
2025-01-01T03:13:03,0,10,0,10
2025-01-01T03:46:47,0,10,0,10
2025-01-01T04:47:16,0,10,0,10
2025-01-01T05:21:00,0,10,0,10
2025-01-01T05:56:29,0,10,0,10
2025-01-01T06:30:16,0,10,0,10
2025-01-01T07:04:06,0,10,0,10
2025-01-01T07:37:46,0,10,0,10
2025-01-01T08:11:25,0,10,0,10
2025-01-01T08:45:13,0,10,0,10
2025-01-01T09:18:53,0,10,0,10
2025-01-01T09:52:32,0,10,0,10
2025-01-01T10:26:18,0,10,0,10
2025-01-01T10:59:56,0,10,0,10
2025-01-01T11:33:38,0,10,0,10
2025-01-01T12:07:25,0,10,0,10
2025-01-01T12:41:03,0,10,0,10
2025-01-01T13:14:42,0,10,0,10
2025-01-01T13:48:20,0,10,0,10
2025-01-01T14:22:00,0,10,0,10
2025-01-01T14:55:49,0,10,0,10
2025-01-01T15:29:28,0,10,0,10
2025-01-01T16:03:07,0,10,0,10
2025-01-01T16:36:56,0,10,0,10
2025-01-01T17:10:34,0,10,0,10
2025-01-01T17:44:13,0,10,0,10
2025-01-01T18:17:53,0,10,0,10
2025-01-01T18:51:32,0,10,0,10
2025-01-01T19:25:19,0,10,0,10
2025-01-01T19:58:58,0,10,0,10
2025-01-01T20:32:38,0,10,0,10
2025-01-01T21:06:28,0,10,0,10
2025-01-01T21:40:09,0,10,0,10
2025-01-01T22:13:49,0,10,0,10
2025-01-01T22:47:28,0,10,0,10
2025-01-01T23:21:17,0,10,0,10
2025-01-01T23:54:56,0,10,0,10
2025-01-02T00:28:40,0,10,0,10
2025-01-02T01:02:25,0,10,0,10
2025-01-02T01:36:09,0,10,0,10
2025-01-02T02:10:04,0,10,0,10
2025-01-02T02:43:48,0,10,0,10
2025-01-02T03:17:31,0,10,0,10
2025-01-02T03:51:13,0,10,0,10
2025-01-02T04:50:41,0,10,0,10
2025-01-02T05:24:27,0,10,0,10
2025-01-02T05:58:13,0,10,0,10
2025-01-02T06:31:56,0,10,0,10
2025-01-02T07:05:37,0,10,0,10
2025-01-02T07:39:17,0,10,0,10
2025-01-02T08:13:04,0,10,0,10
2025-01-02T08:46:43,0,10,0,10
2025-01-02T09:20:21,0,10,0,10
2025-01-02T09:54:01,0,10,0,10
2025-01-02T10:27:53,0,10,0,10
2025-01-02T11:01:32,0,10,0,10
2025-01-02T11:35:23,0,10,0,10
2025-01-02T12:09:01,0,10,0,10
2025-01-02T12:42:41,0,10,0,10
2025-01-02T13:16:29,0,10,0,10
2025-01-02T13:50:07,0,10,0,10
2025-01-02T14:23:46,0,10,0,10
2025-01-02T14:57:35,0,10,0,10
2025-01-02T15:31:16,0,10,0,10
2025-01-02T16:05:06,0,10,0,10
2025-01-02T16:38:46,0,10,0,10
2025-01-02T17:12:35,0,10,0,10
2025-01-02T17:46:14,0,10,0,10
2025-01-02T18:19:53,0,10,0,10
2025-01-02T18:53:42,0,10,0,10
2025-01-02T19:27:22,0,10,0,10
2025-01-02T20:01:01,0,10,0,10
2025-01-02T20:34:50,0,10,0,10
2025-01-02T21:08:29,0,10,0,10
2025-01-02T21:42:10,0,10,0,10
2025-01-02T22:16:01,0,10,0,10
2025-01-02T22:49:41,0,10,0,10
2025-01-02T23:23:21,0,10,0,10
2025-01-02T23:57:00,0,10,0,10
2025-01-03T00:30:54,0,10,0,10
2025-01-03T01:04:39,0,10,0,10
2025-01-03T01:38:22,0,10,0,10
2025-01-03T02:12:10,0,10,0,10
2025-01-03T02:45:52,0,10,0,10
2025-01-03T03:19:45,0,10,0,10
2025-01-03T03:53:28,0,10,0,10
2025-01-03T04:47:53,0,10,0,10
2025-01-03T05:21:38,0,10,0,10
2025-01-03T05:55:24,0,10,0,10
2025-01-03T06:29:20,0,10,0,10
2025-01-03T07:03:08,0,10,0,10
2025-01-03T07:36:52,0,10,0,10
2025-01-03T08:10:43,0,10,0,10
2025-01-03T08:44:26,0,10,0,10
2025-01-03T09:18:08,0,10,0,10
2025-01-03T09:51:48,0,10,0,10
2025-01-03T10:25:43,0,10,0,10
2025-01-03T10:59:26,0,10,0,10
2025-01-03T11:33:22,0,10,0,10
2025-01-03T12:07:16,0,10,0,10
2025-01-03T12:41:08,0,10,0,10
2025-01-03T13:14:50,0,10,0,10
2025-01-03T13:48:41,0,10,0,10
2025-01-03T14:22:23,0,10,0,10
2025-01-03T14:56:14,0,10,0,10
2025-01-03T15:29:55,0,10,0,10
2025-01-03T16:03:46,0,10,0,10
2025-01-03T16:37:36,0,10,0,10
2025-01-03T17:11:18,0,10,0,10
2025-01-03T17:45:00,0,10,0,10
2025-01-03T18:18:52,0,10,0,10
2025-01-03T18:52:35,0,10,0,10
2025-01-03T19:26:16,0,10,0,10
2025-01-03T20:00:07,0,10,0,10
2025-01-03T20:33:48,0,10,0,10
2025-01-03T21:07:48,0,10,0,10
2025-01-03T21:41:33,0,10,0,10
2025-01-03T22:15:15,0,10,0,10
2025-01-03T22:49:08,0,10,0,10
2025-01-03T23:22:50,0,10,0,10
2025-01-03T23:56:32,0,10,0,10
2025-01-04T00:30:21,0,10,0,10
2025-01-04T01:04:18,0,10,0,10
2025-01-04T01:38:04,0,10,0,10
2025-01-04T02:11:56,0,10,0,10
2025-01-04T02:45:39,0,10,0,10
2025-01-04T03:19:21,0,10,0,10
2025-01-04T03:53:45,0,10,0,10
2025-01-04T04:43:46,0,10,0,10
2025-01-04T05:17:32,0,10,0,10
2025-01-04T05:51:19,0,10,0,10
2025-01-04T06:25:03,0,10,0,10
2025-01-04T06:58:49,0,10,0,10
2025-01-04T07:32:43,0,10,0,10
2025-01-04T08:06:27,0,10,0,10
2025-01-04T08:40:12,0,10,0,10
2025-01-04T09:13:55,0,10,0,10
2025-01-04T09:47:44,0,10,0,10
2025-01-04T10:21:25,0,10,0,10
2025-01-04T10:55:06,0,10,0,10
2025-01-04T11:28:46,0,10,0,10
2025-01-04T12:02:36,0,10,0,10
2025-01-04T12:36:15,0,10,0,10
2025-01-04T13:10:04,0,10,0,10
2025-01-04T13:43:48,0,10,0,10
2025-01-04T14:17:40,0,10,0,10
2025-01-04T14:51:21,0,10,0,10
2025-01-04T15:25:10,0,10,0,10
2025-01-04T15:58:50,0,10,0,10
2025-01-04T16:32:32,0,10,0,10
2025-01-04T17:06:21,0,10,0,10
2025-01-04T17:40:03,0,10,0,10
2025-01-04T18:13:53,0,10,0,10
2025-01-04T18:47:34,0,10,0,10
2025-01-04T19:21:14,0,10,0,10
2025-01-04T19:55:05,0,10,0,10
2025-01-04T20:28:45,0,10,0,10
2025-01-04T21:02:26,0,10,0,10
2025-01-04T21:36:19,0,10,0,10
2025-01-04T22:10:00,0,10,0,10
2025-01-04T22:43:50,0,10,0,10
2025-01-04T23:17:32,0,10,0,10
2025-01-04T23:51:13,0,10,0,10
2025-01-05T00:24:58,0,10,0,10
2025-01-05T00:58:52,0,10,0,10
2025-01-05T01:32:38,0,10,0,10
2025-01-05T02:06:24,0,10,0,10
2025-01-05T02:40:11,0,10,0,10
2025-01-05T03:13:56,0,10,0,10
2025-01-05T03:47:51,0,10,0,10
2025-01-05T04:42:48,0,10,0,10
2025-01-05T05:16:34,0,10,0,10
2025-01-05T05:50:21,0,10,0,10
2025-01-05T06:24:06,0,10,0,10
2025-01-05T06:57:51,0,10,0,10
2025-01-05T07:31:37,0,10,0,10
2025-01-05T08:05:23,0,10,0,10
2025-01-05T08:39:08,0,10,0,10
2025-01-05T09:13:01,0,10,0,10
2025-01-05T09:46:45,0,10,0,10
2025-01-05T10:20:30,0,10,0,10
2025-01-05T10:54:25,0,10,0,10
2025-01-05T11:28:12,0,10,0,10
2025-01-05T12:02:07,0,10,0,10
2025-01-05T12:35:48,0,10,0,10
2025-01-05T13:09:39,0,10,0,10
2025-01-05T13:43:19,0,10,0,10
2025-01-05T14:17:09,0,10,0,10
2025-01-05T14:50:58,0,10,0,10
2025-01-05T15:24:39,0,10,0,10
2025-01-05T15:58:28,0,10,0,10
2025-01-05T16:32:19,0,10,0,10
2025-01-05T17:06:00,0,10,0,10
2025-01-05T17:39:51,0,10,0,10
2025-01-05T18:13:42,0,10,0,10
2025-01-05T18:47:37,0,10,0,10
2025-01-05T19:21:28,0,10,0,10
2025-01-05T19:55:10,0,10,0,10
2025-01-05T20:29:01,0,10,0,10
2025-01-05T21:02:55,0,10,0,10
2025-01-05T21:36:53,0,10,0,10
2025-01-05T22:10:45,0,10,0,10
2025-01-05T22:44:38,0,10,0,10
2025-01-05T23:18:29,0,10,0,10
2025-01-05T23:52:22,0,10,0,10
2025-01-06T00:26:31,0,10,0,10
