time,enrolled,available,waitlisted,total
2024-11-10T09:48:38,0,30,0,30
2024-11-10T10:20:44,0,30,0,30
2024-11-10T10:52:52,0,30,0,30
2024-11-10T11:24:52,0,30,0,30
2024-11-10T11:56:49,0,30,0,30
2024-11-10T12:28:57,0,30,0,30
2024-11-10T13:00:56,0,30,0,30
2024-11-10T13:32:57,0,30,0,30
2024-11-10T14:05:05,0,30,0,30
2024-11-10T14:37:05,0,30,0,30
2024-11-10T15:09:07,0,30,0,30
2024-11-10T15:41:08,0,30,0,30
2024-11-10T16:13:16,0,30,0,30
2024-11-10T16:45:14,0,30,0,30
2024-11-10T17:17:13,0,30,0,30
2024-11-10T17:49:22,0,30,0,30
2024-11-10T18:21:21,0,30,0,30
2024-11-10T18:53:21,0,30,0,30
2024-11-10T19:25:30,0,30,0,30
2024-11-10T19:57:32,0,30,0,30
2024-11-10T20:29:29,0,30,0,30
2024-11-10T21:01:29,0,30,0,30
2024-11-10T21:33:38,0,30,0,30
2024-11-10T22:05:37,0,30,0,30
2024-11-10T22:37:37,0,30,0,30
2024-11-10T23:09:47,0,30,0,30
2024-11-10T23:41:46,0,30,0,30
2024-11-11T00:13:46,0,30,0,30
2024-11-11T00:45:51,0,30,0,30
2024-11-11T01:18:03,0,30,0,30
2024-11-11T01:50:15,0,30,0,30
2024-11-11T02:22:18,0,30,0,30
2024-11-11T02:54:18,0,30,0,30
2024-11-11T03:26:18,0,30,0,30
2024-11-11T03:58:19,0,30,0,30
2024-11-11T04:54:03,0,30,0,30
2024-11-11T05:26:06,0,30,0,30
2024-11-11T05:58:13,0,30,0,30
2024-11-11T06:30:14,0,30,0,30
2024-11-11T07:02:18,0,30,0,30
2024-11-11T07:34:25,0,30,0,30
2024-11-11T08:06:24,0,30,0,30
2024-11-11T08:38:22,0,30,0,30
2024-11-11T09:10:19,0,30,0,30
2024-11-11T09:42:24,0,30,0,30
2024-11-11T10:14:21,0,30,0,30
2024-11-11T10:46:18,0,30,0,30
2024-11-11T11:18:25,0,30,0,30
2024-11-11T11:50:22,0,30,0,30
2024-11-11T12:22:19,0,30,0,30
2024-11-11T12:54:24,0,30,0,30
2024-11-11T13:26:21,0,30,0,30
2024-11-11T13:58:17,0,30,0,30
2024-11-11T14:30:27,0,30,0,30
2024-11-11T15:02:24,0,30,0,30
2024-11-11T15:34:21,0,30,0,30
2024-11-11T16:06:30,0,30,0,30
2024-11-11T16:38:27,0,30,0,30
2024-11-11T17:10:25,0,30,0,30
2024-11-11T17:42:32,0,30,0,30
2024-11-11T18:14:29,0,30,0,30
2024-11-11T18:46:35,0,30,0,30
2024-11-11T19:18:33,0,30,0,30
2024-11-11T19:50:29,0,30,0,30
2024-11-11T20:22:36,0,30,0,30
2024-11-11T20:54:33,0,30,0,30
2024-11-11T21:26:39,0,30,0,30
2024-11-11T21:58:38,0,30,0,30
2024-11-11T22:30:45,0,30,0,30
2024-11-11T23:02:43,0,30,0,30
2024-11-11T23:34:51,0,30,0,30
2024-11-12T00:09:30,0,30,0,30
2024-11-12T00:41:50,0,30,0,30
2024-11-12T01:13:54,0,30,0,30
2024-11-12T01:46:06,0,30,0,30
2024-11-12T02:18:19,0,30,0,30
2024-11-12T02:50:20,0,30,0,30
2024-11-12T03:22:20,0,30,0,30
2024-11-12T03:54:31,0,30,0,30
2024-11-12T04:42:17,0,30,0,30
2024-11-12T05:14:20,0,30,0,30
2024-11-12T05:46:25,0,30,0,30
2024-11-12T06:18:26,0,30,0,30
2024-11-12T06:50:27,0,30,0,30
2024-11-12T07:22:30,0,30,0,30
2024-11-12T07:54:36,0,30,0,30
2024-11-12T08:26:37,0,30,0,30
2024-11-12T08:58:36,0,30,0,30
2024-11-12T09:30:49,0,30,0,30
2024-11-12T10:03:03,0,30,0,30
2024-11-12T10:35:16,1,29,0,30
2024-11-12T11:07:30,2,28,0,30
2024-11-12T11:39:45,6,24,0,30
2024-11-12T12:12:01,7,23,0,30
2024-11-12T12:44:15,7,23,0,30
2024-11-12T13:16:33,7,23,0,30
2024-11-12T13:48:47,7,23,0,30
2024-11-12T14:21:02,8,22,0,30
2024-11-12T14:53:18,8,22,0,30
2024-11-12T15:25:33,8,22,0,30
2024-11-12T15:57:49,8,22,0,30
2024-11-12T16:30:02,8,22,0,30
2024-11-12T17:02:15,8,22,0,30
2024-11-12T17:34:29,8,22,0,30
2024-11-12T18:06:40,9,21,0,30
2024-11-12T18:38:41,9,21,0,30
2024-11-12T19:10:51,10,20,0,30
2024-11-12T19:43:02,10,20,0,30
2024-11-12T20:15:14,10,20,0,30
2024-11-12T20:47:17,10,20,0,30
2024-11-12T21:19:32,10,20,0,30
2024-11-12T21:51:43,10,20,0,30
2024-11-12T22:23:45,10,20,0,30
2024-11-12T22:55:57,10,20,0,30
2024-11-12T23:27:59,10,20,0,30
2024-11-13T00:00:12,10,20,0,30
2024-11-13T00:32:24,10,20,0,30
2024-11-13T01:04:45,10,20,0,30
2024-11-13T01:36:52,10,20,0,30
2024-11-13T02:09:08,10,20,0,30
2024-11-13T02:41:17,10,20,0,30
2024-11-13T03:13:35,10,20,0,30
2024-11-13T03:45:40,10,20,0,30
2024-11-13T09:58:48,10,20,0,30
2024-11-13T10:30:59,10,20,0,30
2024-11-13T11:03:01,11,19,0,30
2024-11-13T11:35:24,11,19,0,30
2024-11-13T12:07:35,11,19,0,30
2024-11-13T12:39:47,11,19,0,30
2024-11-13T13:12:07,11,19,0,30
2024-11-13T13:44:18,11,19,0,30
2024-11-13T14:16:30,12,18,0,30
2024-11-13T14:48:45,12,18,0,30
2024-11-13T15:21:01,12,18,0,30
2024-11-13T15:53:17,12,18,0,30
2024-11-13T16:25:31,12,18,0,30
2024-11-13T16:57:41,12,18,0,30
2024-11-13T17:29:54,12,18,0,30
2024-11-13T18:01:57,12,18,0,30
2024-11-13T18:34:10,12,18,0,30
2024-11-13T19:06:23,12,18,0,30
2024-11-13T19:38:35,12,18,0,30
2024-11-13T20:10:37,13,17,0,30
2024-11-13T20:42:48,13,17,0,30
2024-11-13T21:15:18,14,16,0,30
2024-11-13T21:47:56,14,16,0,30
2024-11-13T22:20:07,14,16,0,30
2024-11-13T22:52:08,14,16,0,30
2024-11-13T23:24:23,14,16,0,30
2024-11-13T23:56:35,14,16,0,30
2024-11-14T00:28:42,14,16,0,30
2024-11-14T01:00:58,14,16,0,30
2024-11-14T01:33:03,14,16,0,30
2024-11-14T02:05:18,14,16,0,30
2024-11-14T02:37:23,14,16,0,30
2024-11-14T03:09:26,14,16,0,30
2024-11-14T03:41:40,14,16,0,30
2024-11-14T04:13:44,14,16,0,30
2024-11-14T07:21:21,14,16,0,30
2024-11-14T07:53:23,14,16,0,30
2024-11-14T08:25:35,14,16,0,30
2024-11-14T08:57:39,15,15,0,30
2024-11-14T09:29:54,15,15,0,30
2024-11-14T10:01:59,15,15,0,30
2024-11-14T10:34:12,15,15,0,30
2024-11-14T11:06:28,15,15,0,30
2024-11-14T11:38:44,15,15,0,30
2024-11-14T12:11:07,16,14,0,30
2024-11-14T12:43:24,16,14,0,30
2024-11-14T13:15:42,17,13,0,30
2024-11-14T13:47:57,17,13,0,30
2024-11-14T14:20:15,17,13,0,30
2024-11-14T14:52:37,24,6,0,30
2024-11-14T15:25:00,24,6,0,30
2024-11-14T15:57:15,23,7,0,30
2024-11-14T16:29:30,23,7,0,30
2024-11-14T17:01:48,23,7,0,30
2024-11-14T17:33:56,23,7,0,30
2024-11-14T18:06:11,23,7,0,30
2024-11-14T18:38:27,23,7,0,30
2024-11-14T19:10:44,25,5,0,30
2024-11-14T19:42:59,27,3,0,30
2024-11-14T20:15:05,27,3,0,30
2024-11-14T20:47:19,27,3,0,30
2024-11-14T21:19:34,27,3,0,30
2024-11-14T21:51:42,27,3,0,30
2024-11-14T22:23:59,28,2,0,30
2024-11-14T22:56:03,28,2,0,30
2024-11-14T23:28:21,28,2,0,30
2024-11-15T00:00:25,28,2,0,30
2024-11-15T00:32:35,28,2,0,30
2024-11-15T01:04:54,28,2,0,30
2024-11-15T01:37:02,28,2,0,30
2024-11-15T02:09:15,28,2,0,30
2024-11-15T02:41:25,28,2,0,30
2024-11-15T03:13:42,28,2,0,30
2024-11-15T03:45:48,28,2,0,30
2024-11-15T04:44:24,28,2,0,30
2024-11-15T05:16:34,28,2,0,30
2024-11-15T05:48:44,28,2,0,30
2024-11-15T06:20:51,28,2,0,30
2024-11-15T06:53:00,28,2,0,30
2024-11-15T07:25:08,28,2,0,30
2024-11-15T07:57:13,28,2,0,30
2024-11-15T08:29:25,29,1,0,30
2024-11-15T09:01:29,30,0,0,30
2024-11-15T09:33:44,30,0,0,30
2024-11-15T10:05:49,30,0,0,30
2024-11-15T10:38:08,30,0,0,30
2024-11-15T11:10:30,30,0,0,30
2024-11-15T11:42:47,30,0,0,30
2024-11-15T12:14:54,30,0,0,30
2024-11-15T12:47:10,30,0,0,30
2024-11-15T13:19:28,30,0,0,30
2024-11-15T13:51:45,30,0,0,30
2024-11-15T14:24:06,30,0,0,30
2024-11-15T14:56:23,30,0,0,30
2024-11-15T15:28:41,30,0,0,30
2024-11-15T16:00:57,30,0,0,30
2024-11-15T16:33:17,30,0,0,30
2024-11-15T17:05:23,30,0,0,30
2024-11-15T17:37:41,30,0,0,30
2024-11-15T18:10:01,30,0,0,30
2024-11-15T18:42:22,30,0,0,30
2024-11-15T19:14:30,30,0,0,30
2024-11-15T19:46:45,30,0,0,30
2024-11-15T20:19:03,30,0,0,30
2024-11-15T20:51:09,30,0,0,30
2024-11-15T21:23:28,30,0,0,30
2024-11-15T21:55:36,30,0,0,30
2024-11-15T22:27:51,30,0,0,30
2024-11-15T22:59:56,30,0,0,30
2024-11-15T23:32:11,30,0,0,30
2024-11-16T00:04:17,30,0,0,30
2024-11-16T00:36:31,30,0,0,30
2024-11-16T01:08:49,30,0,0,30
2024-11-16T01:40:56,30,0,0,30
2024-11-16T02:13:08,30,0,0,30
2024-11-16T02:45:14,30,0,0,30
2024-11-16T03:17:29,30,0,0,30
2024-11-16T03:49:35,30,0,0,30
2024-11-16T04:49:34,30,0,0,30
2024-11-16T05:21:49,30,0,0,30
2024-11-16T05:54:00,30,0,0,30
2024-11-16T06:26:08,30,0,0,30
2024-11-16T06:58:17,30,0,0,30
2024-11-16T07:30:36,30,0,0,30
2024-11-16T08:02:42,30,0,0,30
2024-11-16T08:34:50,30,0,0,30
2024-11-16T09:06:58,30,0,0,30
2024-11-16T09:39:16,30,0,0,30
2024-11-16T10:11:25,30,0,0,30
2024-11-16T10:43:44,30,0,0,30
2024-11-16T11:15:51,30,0,0,30
2024-11-16T11:48:09,30,0,0,30
2024-11-16T12:20:26,30,0,0,30
2024-11-16T12:52:34,30,0,0,30
2024-11-16T13:24:51,30,0,0,30
2024-11-16T13:57:06,30,0,0,30
2024-11-16T14:29:24,30,0,0,30
2024-11-16T15:01:33,30,0,0,30
2024-11-16T15:33:49,30,0,0,30
2024-11-16T16:06:09,30,0,0,30
2024-11-16T16:38:28,30,0,0,30
2024-11-16T17:10:37,30,0,0,30
2024-11-16T17:42:53,30,0,0,30
2024-11-16T18:14:59,30,0,0,30
2024-11-16T18:47:19,30,0,0,30
2024-11-16T19:19:33,30,0,0,30
2024-11-16T19:51:38,30,0,0,30
2024-11-16T20:23:51,30,0,0,30
2024-11-16T20:55:56,30,0,0,30
2024-11-16T21:28:10,30,0,0,30
2024-11-16T22:00:16,30,0,0,30
2024-11-16T22:32:21,30,0,0,30
2024-11-16T23:04:35,30,0,0,30
2024-11-16T23:36:41,30,0,0,30
2024-11-17T00:08:48,30,0,0,30
2024-11-17T04:53:14,30,0,0,30
2024-11-17T05:25:28,30,0,0,30
2024-11-17T05:57:42,30,0,0,30
2024-11-17T06:29:50,30,0,0,30
2024-11-17T07:01:58,30,0,0,30
2024-11-17T07:34:04,30,0,0,30
2024-11-17T08:06:11,30,0,0,30
2024-11-17T08:38:17,30,0,0,30
2024-11-17T09:10:24,30,0,0,30
2024-11-17T09:42:30,30,0,0,30
2024-11-17T10:14:51,30,0,0,30
2024-11-17T10:46:58,30,0,0,30
2024-11-17T11:19:06,30,0,0,30
2024-11-17T11:51:22,30,0,0,30
2024-11-17T12:23:27,30,0,0,30
2024-11-17T12:55:32,30,0,0,30
2024-11-17T13:27:44,30,0,0,30
2024-11-17T13:59:49,30,0,0,30
2024-11-17T14:31:55,30,0,0,30
2024-11-17T15:04:14,30,0,0,30
2024-11-17T15:36:20,30,0,0,30
2024-11-17T16:08:24,30,0,0,30
2024-11-17T16:40:41,30,0,0,30
2024-11-17T17:12:46,30,0,0,30
2024-11-17T17:44:59,30,0,0,30
2024-11-17T18:17:03,30,0,0,30
2024-11-17T18:49:24,30,0,0,30
2024-11-17T19:21:30,30,0,0,30
2024-11-17T19:53:35,30,0,0,30
2024-11-17T20:25:48,30,0,0,30
2024-11-17T20:57:53,30,0,0,30
2024-11-17T21:30:08,30,0,0,30
2024-11-17T22:02:14,30,0,0,30
2024-11-17T22:34:19,30,0,0,30
2024-11-17T23:06:31,30,0,0,30
2024-11-17T23:38:36,30,0,0,30
2024-11-18T00:10:46,30,0,0,30
2024-11-18T00:43:05,30,0,0,30
2024-11-18T01:15:15,30,0,0,30
2024-11-18T01:47:26,30,0,0,30
2024-11-18T02:19:36,30,0,0,30
2024-11-18T02:51:44,30,0,0,30
2024-11-18T03:24:02,30,0,0,30
2024-11-18T03:56:10,30,0,0,30
2024-11-18T04:44:32,30,0,0,30
2024-11-18T05:16:47,30,0,0,30
2024-11-18T05:48:58,30,0,0,30
2024-11-18T06:21:09,30,0,0,30
2024-11-18T06:53:18,30,0,0,30
2024-11-18T07:25:25,30,0,0,30
2024-11-18T07:57:42,30,0,0,30
2024-11-18T08:29:47,30,0,0,30
2024-11-18T09:01:53,30,0,0,30
2024-11-18T09:33:57,30,0,0,30
2024-11-18T10:06:13,30,0,0,30
2024-11-18T10:38:17,30,0,0,30
2024-11-18T11:10:37,30,0,0,30
2024-11-18T11:43:01,30,0,0,30
2024-11-18T12:15:07,30,0,0,30
2024-11-18T12:47:24,30,0,0,30
2024-11-18T13:19:30,30,0,0,30
2024-11-18T13:51:47,30,0,0,30
2024-11-18T14:24:04,30,0,0,30
2024-11-18T14:56:21,30,0,0,30
2024-11-18T15:28:29,30,0,0,30
2024-11-18T16:00:50,30,0,0,30
2024-11-18T16:32:59,30,0,0,30
2024-11-18T17:05:19,30,0,0,30
2024-11-18T17:37:27,30,0,0,30
2024-11-18T18:09:47,30,0,0,30
2024-11-18T18:42:00,30,0,0,30
2024-11-18T19:14:19,30,0,0,30
2024-11-18T19:46:27,30,0,0,30
2024-11-18T20:18:48,30,0,0,30
2024-11-18T20:51:18,30,0,0,30
2024-11-18T21:23:27,30,0,0,30
2024-11-18T21:55:46,30,0,0,30
2024-11-18T22:27:55,30,0,0,30
2024-11-18T23:00:14,30,0,0,30
2024-11-18T23:32:23,30,0,0,30
2024-11-19T00:07:03,30,0,0,30
2024-11-19T00:39:28,30,0,0,30
2024-11-19T01:12:02,30,0,0,30
2024-11-19T01:44:16,30,0,0,30
2024-11-19T02:16:41,30,0,0,30
2024-11-19T02:49:11,30,0,0,30
2024-11-19T03:21:27,30,0,0,30
2024-11-19T03:53:41,30,0,0,30
2024-11-19T16:12:47,30,0,0,30
2024-11-19T16:45:14,30,0,0,30
2024-11-19T17:17:34,30,0,0,30
2024-11-19T17:49:59,30,0,0,30
2024-11-19T18:22:27,30,0,0,30
2024-11-19T18:54:53,30,0,0,30
2024-11-19T19:27:08,30,0,0,30
2024-11-19T19:59:36,30,0,0,30
2024-11-19T20:31:52,30,0,0,30
2024-11-19T21:04:26,30,0,0,30
2024-11-19T21:36:45,30,0,0,30
2024-11-19T22:09:11,30,0,0,30
2024-11-19T22:41:27,30,0,0,30
2024-11-19T23:13:56,30,0,0,30
2024-11-19T23:46:13,30,0,0,30
2024-11-20T00:18:31,30,0,0,30
2024-11-20T00:51:03,30,0,0,30
2024-11-20T01:23:26,30,0,0,30
2024-11-20T01:55:49,30,0,0,30
2024-11-20T02:28:10,30,0,0,30
2024-11-20T03:00:30,30,0,0,30
2024-11-20T03:33:00,30,0,0,30
2024-11-20T04:07:40,30,0,0,30
2024-11-20T04:55:58,30,0,0,30
2024-11-20T05:28:25,30,0,0,30
2024-11-20T06:00:48,30,0,0,30
2024-11-20T06:33:11,30,0,0,30
2024-11-20T07:05:38,30,0,0,30
2024-11-20T07:37:57,30,0,0,30
2024-11-20T08:10:24,30,0,0,30
2024-11-20T08:42:42,30,0,0,30
2024-11-20T09:15:00,30,0,0,30
2024-11-20T09:47:27,30,0,0,30
2024-11-20T10:19:43,30,0,0,30
2024-11-20T10:52:13,30,0,0,30
2024-11-20T11:24:43,30,0,0,30
2024-11-20T11:57:12,30,0,0,30
2024-11-20T12:29:29,30,0,0,30
2024-11-20T13:01:55,30,0,0,30
2024-11-20T13:34:24,30,0,0,30
2024-11-20T14:06:43,30,0,0,30
2024-11-20T14:39:12,30,0,0,30
2024-11-20T15:11:41,30,0,0,30
2024-11-20T15:44:10,30,0,0,30
2024-11-20T16:16:40,30,0,0,30
2024-11-20T16:48:59,30,0,0,30
2024-11-20T17:21:32,30,0,0,30
2024-11-20T17:53:55,30,0,0,30
2024-11-20T18:26:23,30,0,0,30
2024-11-20T18:58:52,30,0,0,30
2024-11-20T19:31:13,30,0,0,30
2024-11-20T20:03:42,30,0,0,30
2024-11-20T20:36:03,30,0,0,30
2024-11-20T21:08:33,30,0,0,30
2024-11-20T21:41:05,30,0,0,30
2024-11-20T22:13:26,30,0,0,30
2024-11-20T22:45:44,30,0,0,30
2024-11-20T23:18:14,30,0,0,30
2024-11-20T23:50:34,30,0,0,30
2024-11-21T00:23:01,30,0,0,30
2024-11-21T00:55:38,30,0,0,30
2024-11-21T01:28:02,30,0,0,30
2024-11-21T02:00:39,30,0,0,30
2024-11-21T02:33:03,30,0,0,30
2024-11-21T03:05:27,30,0,0,30
2024-11-21T03:38:00,30,0,0,30
2024-11-21T04:12:41,30,0,0,30
2024-11-21T04:47:54,30,0,0,30
2024-11-21T05:20:21,30,0,0,30
2024-11-21T05:52:44,30,0,0,30
2024-11-21T06:25:10,30,0,0,30
2024-11-21T06:57:32,30,0,0,30
2024-11-21T07:30:09,30,0,0,30
2024-11-21T08:02:30,30,0,0,30
2024-11-21T08:34:53,30,0,0,30
2024-11-21T09:07:13,30,0,0,30
2024-11-21T09:39:42,30,0,0,30
2024-11-21T10:12:14,30,0,0,30
2024-11-21T10:44:37,30,0,0,30
2024-11-21T11:17:08,30,0,0,30
2024-11-21T11:49:44,30,0,0,30
2024-11-21T12:22:14,30,0,0,30
2024-11-21T12:54:35,30,0,0,30
2024-11-21T13:27:05,30,0,0,30
2024-11-21T13:59:35,30,0,0,30
2024-11-21T14:32:10,30,0,1,30
2024-11-21T15:04:47,30,0,1,30
2024-11-21T15:37:24,30,0,1,30
2024-11-21T16:09:55,30,0,1,30
2024-11-21T16:42:19,30,0,1,30
2024-11-21T17:14:54,30,0,1,30
2024-11-21T17:47:28,30,0,1,30
2024-11-21T18:19:50,30,0,1,30
2024-11-21T18:52:23,30,0,1,30
2024-11-22T04:54:26,30,0,1,30
2024-11-22T05:26:58,30,0,1,30
2024-11-22T05:59:25,30,0,1,30
2024-11-22T06:31:57,30,0,1,30
2024-11-22T07:04:31,30,0,1,30
2024-11-22T07:36:57,30,0,1,30
2024-11-22T08:09:22,30,0,1,30
2024-11-22T08:41:48,30,0,1,30
2024-11-22T09:14:23,30,0,1,30
2024-11-22T09:46:46,30,0,1,30
2024-11-22T10:19:20,30,0,1,30
2024-11-22T10:51:54,30,0,1,30
2024-11-22T11:24:24,30,0,1,30
2024-11-22T11:56:49,30,0,1,30
2024-11-22T12:29:28,30,0,1,30
2024-11-22T13:02:02,30,0,1,30
2024-11-22T13:34:36,30,0,1,30
2024-11-22T14:07:11,30,0,1,30
2024-11-22T14:39:38,30,0,1,30
2024-11-22T15:12:16,30,0,1,30
2024-11-22T15:44:52,30,0,1,30
2024-11-22T16:17:29,30,0,1,30
2024-11-22T16:50:04,30,0,1,30
2024-11-22T17:22:32,30,0,1,30
2024-11-22T17:55:12,30,0,1,30
2024-11-22T18:27:53,30,0,1,30
2024-11-22T19:00:21,30,0,1,30
2024-11-22T19:32:58,30,0,1,30
2024-11-22T20:05:25,30,0,1,30
2024-11-22T20:38:06,30,0,1,30
2024-11-22T21:10:34,30,0,1,30
2024-11-22T21:43:14,30,0,1,30
2024-11-22T22:15:41,30,0,1,30
2024-11-22T22:48:22,30,0,1,30
2024-11-22T23:20:50,30,0,1,30
2024-11-22T23:53:17,30,0,1,30
2024-11-23T00:26:00,30,0,1,30
2024-11-23T00:58:39,30,0,1,30
2024-11-23T01:31:10,30,0,1,30
2024-11-23T02:03:52,30,0,1,30
2024-11-23T02:36:22,30,0,1,30
2024-11-23T03:08:49,30,0,1,30
2024-11-23T03:41:17,30,0,1,30
2024-11-23T04:48:44,30,0,1,30
2024-11-23T05:21:17,30,0,1,30
2024-11-23T05:53:51,30,0,1,30
2024-11-23T06:26:26,30,0,1,30
2024-11-23T06:58:59,30,0,1,30
2024-11-23T07:31:32,30,0,1,30
2024-11-23T08:04:09,30,0,1,30
2024-11-23T08:36:39,30,0,1,30
2024-11-23T09:09:10,30,0,1,30
2024-11-23T09:41:51,30,0,1,30
2024-11-23T10:14:20,30,0,1,30
2024-11-23T10:47:01,30,0,1,30
2024-11-23T11:19:34,30,0,1,30
2024-11-23T11:52:12,30,0,1,30
2024-11-23T12:24:54,30,0,1,30
2024-11-23T12:57:23,30,0,1,30
2024-11-23T13:30:04,30,0,2,30
2024-11-23T14:02:34,30,0,2,30
2024-11-23T14:35:14,30,0,2,30
2024-11-23T15:07:53,30,0,2,30
2024-11-23T15:40:24,30,0,2,30
2024-11-23T16:13:00,30,0,2,30
2024-11-23T16:45:42,30,0,2,30
2024-11-23T17:18:12,30,0,2,30
2024-11-23T17:50:50,30,0,2,30
2024-11-23T18:23:20,30,0,2,30
2024-11-23T18:55:58,30,0,2,30
2024-11-23T19:28:40,30,0,2,30
2024-11-23T20:01:07,30,0,2,30
2024-11-23T20:33:35,30,0,2,30
2024-11-23T21:06:11,30,0,2,30
2024-11-23T21:38:40,30,0,2,30
2024-11-23T22:11:19,30,0,2,30
2024-11-23T22:43:47,30,0,2,30
2024-11-23T23:16:14,30,0,2,30
2024-11-23T23:48:43,30,0,2,30
2024-11-24T00:21:21,30,0,2,30
2024-11-24T00:53:50,30,0,2,30
2024-11-24T01:26:18,30,0,2,30
2024-11-24T01:58:45,30,0,2,30
2024-11-24T02:31:23,30,0,2,30
2024-11-24T03:03:53,30,0,2,30
2024-11-24T03:36:45,30,0,2,30
2024-11-24T04:12:02,30,0,2,30
2024-11-24T04:51:31,30,0,2,30
2024-11-24T05:24:07,30,0,2,30
2024-11-24T05:56:45,30,0,2,30
2024-11-24T06:29:21,30,0,2,30
2024-11-24T07:01:54,30,0,2,30
2024-11-24T07:34:29,30,0,2,30
2024-11-24T08:07:03,30,0,2,30
2024-11-24T08:39:35,30,0,2,30
2024-11-24T09:12:13,30,0,2,30
2024-11-24T09:44:41,30,0,2,30
2024-11-24T10:17:10,30,0,2,30
2024-11-24T10:49:39,30,0,2,30
2024-11-24T11:22:09,30,0,2,30
2024-11-24T11:54:46,30,0,2,30
2024-11-24T12:27:13,30,0,2,30
2024-11-24T12:59:42,30,0,2,30
2024-11-24T13:32:10,30,0,2,30
2024-11-24T14:04:46,30,0,2,30
2024-11-24T14:37:16,30,0,2,30
2024-11-24T15:09:46,30,0,2,30
2024-11-24T15:42:15,30,0,2,30
2024-11-24T16:15:20,30,0,2,30
2024-11-24T16:47:49,30,0,2,30
2024-11-24T17:20:19,30,0,2,30
2024-11-24T17:52:56,30,0,2,30
2024-11-24T18:25:24,30,0,2,30
2024-11-24T18:57:54,30,0,2,30
2024-11-24T19:30:26,30,0,2,30
2024-11-24T20:03:01,30,0,2,30
2024-11-24T20:35:29,30,0,2,30
2024-11-24T21:07:58,30,0,2,30
2024-11-24T21:40:36,30,0,2,30
2024-11-24T22:13:04,30,0,2,30
2024-11-25T04:45:56,30,0,2,30
2024-11-25T05:18:26,30,0,2,30
2024-11-25T05:50:57,30,0,2,30
2024-11-25T06:23:27,30,0,2,30
2024-11-25T06:55:56,30,0,2,30
2024-11-25T07:28:24,30,0,2,30
2024-11-25T08:00:51,30,0,2,30
2024-11-25T08:33:25,30,0,2,30
2024-11-25T09:06:02,30,0,2,30
2024-11-25T09:38:30,30,0,2,30
2024-11-25T10:10:58,30,0,2,30
2024-11-25T10:43:36,30,0,2,30
2024-11-25T11:16:03,30,0,2,30
2024-11-25T11:48:42,30,0,2,30
2024-11-25T12:21:09,30,0,2,30
2024-11-25T12:53:50,30,0,2,30
2024-11-25T13:26:17,30,0,2,30
2024-11-25T13:58:54,30,0,2,30
2024-11-25T14:31:23,30,0,2,30
2024-11-25T15:04:01,30,0,2,30
2024-11-25T15:36:30,30,0,2,30
2024-11-25T16:09:11,30,0,2,30
2024-11-25T16:41:39,30,0,2,30
2024-11-25T17:14:19,30,0,2,30
2024-11-25T17:46:48,30,0,2,30
2024-11-25T18:19:26,30,0,2,30
2024-11-25T18:51:53,30,0,2,30
2024-11-25T19:24:24,30,0,2,30
2024-11-25T19:57:02,30,0,2,30
2024-11-25T20:29:30,30,0,2,30
2024-11-25T21:01:57,30,0,2,30
2024-11-25T21:34:37,30,0,2,30
2024-11-25T22:07:06,30,0,2,30
2024-11-25T22:39:33,30,0,2,30
2024-11-25T23:12:01,30,0,2,30
2024-11-25T23:44:42,30,0,2,30
2024-11-26T00:17:13,30,0,2,30
2024-11-26T00:49:47,30,0,2,30
2024-11-26T01:22:20,30,0,2,30
2024-11-26T01:54:52,30,0,2,30
2024-11-26T02:27:33,30,0,2,30
2024-11-26T03:00:05,30,0,2,30
2024-11-26T03:32:36,30,0,2,30
2024-11-26T04:07:16,30,0,2,30
2024-11-26T04:54:23,30,0,2,30
2024-11-26T05:26:57,30,0,2,30
2024-11-26T05:59:29,30,0,2,30
2024-11-26T06:32:01,30,0,2,30
2024-11-26T07:04:32,30,0,2,30
2024-11-26T07:37:05,30,0,2,30
2024-11-26T08:09:42,30,0,2,30
2024-11-26T08:42:13,30,0,2,30
2024-11-26T09:14:42,30,0,2,30
2024-11-26T09:47:10,30,0,2,30
2024-11-26T10:19:40,30,0,2,30
2024-11-26T10:52:22,30,0,2,30
2024-11-26T11:24:54,30,0,2,30
2024-11-26T11:57:35,30,0,2,30
2024-11-26T12:30:05,30,0,2,30
2024-11-26T13:02:34,30,0,2,30
2024-11-26T13:35:14,30,0,2,30
2024-11-26T14:07:44,30,0,2,30
2024-11-26T14:40:27,30,0,2,30
2024-11-26T15:12:56,30,0,2,30
2024-11-26T15:45:36,30,0,2,30
2024-11-26T16:18:07,30,0,2,30
2024-11-26T16:50:37,30,0,2,30
2024-11-26T17:23:18,30,0,2,30
2024-11-26T17:55:48,30,0,2,30
2024-11-26T18:28:19,30,0,2,30
2024-11-26T19:00:59,30,0,2,30
2024-11-26T19:33:29,30,0,2,30
2024-11-26T20:06:00,30,0,2,30
2024-11-26T20:38:30,30,0,2,30
2024-11-26T21:11:12,30,0,2,30
2024-11-26T21:43:44,30,0,2,30
2024-11-26T22:16:13,30,0,2,30
2024-11-26T22:48:42,30,0,2,30
2024-11-26T23:21:13,30,0,2,30
2024-11-26T23:53:56,30,0,2,30
2024-11-27T00:26:32,30,0,2,30
2024-11-27T00:59:06,30,0,2,30
2024-11-27T01:31:43,30,0,2,30
2024-11-27T02:04:18,30,0,2,30
2024-11-27T02:37:01,30,0,2,30
2024-11-27T03:09:36,30,0,2,30
2024-11-27T03:42:09,30,0,2,30
2024-11-27T04:43:54,30,0,2,30
2024-11-27T05:18:08,30,0,2,30
2024-11-27T05:50:46,30,0,2,30
2024-11-27T06:23:21,30,0,2,30
2024-11-27T06:55:57,30,0,2,30
2024-11-27T07:28:30,30,0,2,30
2024-11-27T08:01:03,30,0,2,30
2024-11-27T08:33:43,30,0,2,30
2024-11-27T09:06:15,30,0,2,30
2024-11-27T09:38:46,30,0,2,30
2024-11-27T10:11:19,30,0,2,30
2024-11-27T10:43:50,30,0,2,30
2024-11-27T11:16:32,30,0,2,30
2024-11-27T11:49:06,30,0,2,30
2024-11-27T12:21:48,30,0,2,30
2024-11-27T12:54:20,30,0,2,30
2024-11-27T13:26:50,30,0,2,30
2024-11-27T13:59:24,30,0,2,30
2024-11-27T14:32:08,30,0,2,30
2024-11-27T15:04:44,30,0,2,30
2024-11-27T15:37:26,30,0,2,30
2024-11-27T16:09:58,30,0,2,30
2024-11-27T16:42:34,30,0,2,30
2024-11-27T17:15:08,30,0,2,30
2024-11-27T17:47:53,30,0,2,30
2024-11-27T18:20:27,30,0,2,30
2024-11-27T18:53:01,30,0,2,30
2024-11-27T19:25:34,30,0,2,30
2024-11-27T19:58:18,30,0,2,30
2024-11-27T20:30:51,30,0,2,30
2024-11-27T21:03:24,30,0,2,30
2024-11-27T21:35:59,30,0,2,30
2024-11-27T22:08:33,30,0,2,30
2024-11-27T22:41:17,30,0,2,30
2024-11-27T23:13:52,30,0,2,30
2024-11-27T23:46:25,30,0,2,30
2024-11-28T00:19:03,30,0,2,30
2024-11-28T00:51:43,30,0,2,30
2024-11-28T01:24:21,30,0,2,30
2024-11-28T01:57:14,30,0,2,30
2024-11-28T02:29:52,30,0,2,30
2024-11-28T03:02:28,30,0,2,30
2024-11-28T03:35:04,30,0,2,30
2024-11-28T04:07:43,30,0,2,30
2024-11-28T04:47:59,30,0,2,30
2024-11-28T05:20:55,30,0,2,30
2024-11-28T05:53:36,30,0,2,30
2024-11-28T06:26:13,30,0,2,30
2024-11-28T06:58:51,30,0,2,30
2024-11-28T07:31:29,30,0,2,30
2024-11-28T08:04:06,30,0,2,30
2024-11-28T08:36:53,30,0,2,30
2024-11-28T09:09:30,30,0,2,30
2024-11-28T09:42:05,30,0,2,30
2024-11-28T10:14:42,30,0,2,30
2024-11-28T10:47:18,30,0,2,30
2024-11-28T11:19:53,30,0,2,30
2024-11-28T11:52:27,30,0,2,30
2024-11-28T12:25:12,30,0,2,30
2024-11-28T12:57:46,30,0,2,30
2024-11-28T13:30:22,30,0,2,30
2024-11-28T14:02:54,30,0,2,30
2024-11-28T14:35:30,30,0,2,30
2024-11-28T15:08:13,30,0,2,30
2024-11-28T15:40:45,30,0,2,30
2024-11-28T16:13:18,30,0,2,30
2024-11-28T16:45:52,30,0,2,30
2024-11-28T17:18:25,30,0,2,30
2024-11-28T17:50:59,30,0,2,30
2024-11-28T18:23:33,30,0,2,30
2024-11-28T18:56:14,30,0,2,30
2024-11-28T19:28:47,30,0,2,30
2024-11-28T20:01:21,30,0,2,30
2024-11-28T20:33:54,30,0,2,30
2024-11-28T21:06:28,30,0,2,30
2024-11-28T21:39:14,30,0,2,30
2024-11-28T22:11:49,30,0,2,30
2024-11-28T22:44:22,30,0,2,30
2024-11-28T23:16:57,30,0,2,30
2024-11-28T23:49:31,30,0,2,30
2024-11-29T00:22:15,30,0,2,30
2024-11-29T00:54:53,30,0,2,30
2024-11-29T01:27:38,30,0,2,30
2024-11-29T02:00:14,30,0,2,30
2024-11-29T02:32:52,30,0,2,30
2024-11-29T03:05:30,30,0,2,30
2024-11-29T03:38:06,30,0,2,30
2024-11-29T04:42:59,30,0,2,30
2024-11-29T05:15:39,30,0,2,30
2024-11-29T05:48:23,30,0,2,30
2024-11-29T06:20:59,30,0,2,30
2024-11-29T06:53:36,30,0,2,30
2024-11-29T07:26:23,30,0,2,30
2024-11-29T07:59:00,30,0,2,30
2024-11-29T08:31:34,30,0,2,30
2024-11-29T09:04:10,30,0,2,30
2024-11-29T09:36:52,30,0,2,30
2024-11-29T10:09:25,30,0,2,30
2024-11-29T10:41:59,30,0,2,30
2024-11-29T11:14:34,30,0,2,30
2024-11-29T11:47:08,30,0,2,30
2024-11-29T12:19:44,30,0,2,30
2024-11-29T12:52:27,30,0,2,30
2024-11-29T13:25:01,30,0,2,30
2024-11-29T13:57:34,30,0,2,30
2024-11-29T14:35:12,30,0,2,30
2024-11-29T15:07:54,30,0,2,30
2024-11-29T15:40:28,30,0,2,30
2024-11-29T16:13:04,30,0,2,30
2024-11-29T16:45:36,30,0,2,30
2024-11-29T17:18:11,30,0,2,30
2024-11-29T17:50:44,30,0,2,30
2024-11-29T18:23:27,30,0,2,30
2024-11-29T18:55:59,30,0,2,30
2024-11-29T19:28:32,30,0,2,30
2024-11-29T20:01:05,30,0,2,30
2024-11-29T20:33:40,30,0,2,30
2024-11-29T21:06:14,30,0,2,30
2024-11-29T21:38:56,30,0,2,30
2024-11-29T22:11:31,30,0,2,30
2024-11-29T22:44:06,30,0,2,30
2024-11-29T23:16:41,30,0,2,30
2024-11-29T23:49:26,30,0,2,30
2024-11-30T00:22:04,30,0,2,30
2024-11-30T00:54:41,30,0,2,30
2024-11-30T01:27:19,30,0,2,30
2024-11-30T01:59:58,30,0,2,30
2024-11-30T02:32:36,30,0,2,30
2024-11-30T03:05:13,30,0,2,30
2024-11-30T03:37:59,30,0,2,30
2024-11-30T04:10:36,30,0,2,30
2024-11-30T04:49:31,30,0,2,30
2024-11-30T05:23:55,30,0,2,30
2024-11-30T05:56:30,30,0,2,30
2024-11-30T06:29:03,30,0,2,30
2024-11-30T07:01:37,30,0,2,30
2024-11-30T07:34:09,30,0,2,30
2024-11-30T08:06:42,30,0,2,30
2024-11-30T08:39:18,30,0,2,30
2024-11-30T09:11:59,30,0,2,30
2024-11-30T09:44:33,30,0,2,30
2024-11-30T10:17:07,30,0,2,30
2024-11-30T10:49:39,30,0,2,30
2024-11-30T11:22:14,30,0,2,30
2024-11-30T11:55:02,30,0,2,30
2024-11-30T12:27:34,30,0,2,30
2024-11-30T13:00:08,30,0,2,30
2024-11-30T13:32:40,30,0,2,30
2024-11-30T14:05:20,30,0,2,30
2024-11-30T14:37:52,30,0,2,30
2024-11-30T15:10:25,30,0,2,30
2024-11-30T15:43:14,30,0,2,30
2024-11-30T16:15:46,30,0,2,30
2024-11-30T16:48:19,30,0,2,30
2024-11-30T17:20:52,30,0,2,30
2024-11-30T17:53:26,30,0,2,30
2024-11-30T18:26:08,30,0,2,30
2024-11-30T18:58:41,30,0,2,30
2024-11-30T19:31:13,30,0,2,30
2024-11-30T20:03:45,30,0,2,30
2024-11-30T20:36:32,30,0,2,30
2024-11-30T21:09:04,30,0,2,30
2024-11-30T21:41:40,30,0,2,30
2024-11-30T22:14:15,30,0,2,30
2024-11-30T22:46:47,30,0,2,30
2024-11-30T23:19:29,30,0,2,30
2024-11-30T23:52:02,30,0,2,30
2024-12-01T00:24:49,30,0,2,30
2024-12-01T00:57:25,30,0,2,30
2024-12-01T01:29:59,30,0,2,30
2024-12-01T02:02:38,30,0,2,30
2024-12-01T02:35:29,30,0,2,30
2024-12-01T03:08:05,30,0,2,30
2024-12-01T03:40:42,30,0,2,30
2024-12-01T04:44:07,30,0,2,30
2024-12-01T05:16:44,30,0,2,30
2024-12-01T05:49:23,30,0,2,30
2024-12-01T06:21:59,30,0,2,30
2024-12-01T06:54:35,30,0,2,30
2024-12-01T07:27:12,30,0,2,30
2024-12-01T07:59:48,30,0,2,30
2024-12-01T08:32:32,30,0,2,30
2024-12-01T09:05:12,30,0,2,30
2024-12-01T09:37:49,30,0,2,30
2024-12-01T10:10:26,30,0,2,30
2024-12-01T10:43:04,30,0,2,30
2024-12-01T11:15:38,30,0,2,30
2024-12-01T11:48:20,30,0,2,30
2024-12-01T12:20:53,30,0,2,30
2024-12-01T12:53:25,30,0,2,30
2024-12-01T13:25:59,30,0,2,30
2024-12-01T13:58:40,30,0,2,30
2024-12-01T14:31:14,30,0,2,30
2024-12-01T15:03:46,30,0,2,30
2024-12-01T15:36:19,30,0,2,30
2024-12-01T16:09:03,30,0,2,30
2024-12-01T16:41:35,30,0,2,30
2024-12-01T17:14:11,30,0,2,30
2024-12-01T17:46:42,30,0,2,30
2024-12-01T18:19:25,30,0,2,30
2024-12-01T18:51:58,30,0,2,30
2024-12-01T19:24:31,30,0,2,30
2024-12-01T19:57:04,30,0,2,30
2024-12-01T20:29:46,30,0,2,30
2024-12-01T21:02:19,30,0,2,30
2024-12-01T21:34:53,30,0,2,30
2024-12-01T22:07:26,30,0,2,30
2024-12-01T22:40:08,30,0,2,30
2024-12-01T23:12:41,30,0,2,30
2024-12-01T23:45:14,30,0,2,30
2024-12-02T00:18:03,30,0,2,30
2024-12-02T00:50:50,30,0,2,30
2024-12-02T01:23:26,30,0,2,30
2024-12-02T01:56:08,30,0,2,30
2024-12-02T02:28:45,30,0,2,30
2024-12-02T03:01:28,30,0,2,30
2024-12-02T03:34:05,30,0,2,30
2024-12-02T04:06:41,30,0,2,30
2024-12-02T04:50:33,30,0,2,30
2024-12-02T05:23:16,30,0,2,30
2024-12-02T05:55:57,30,0,2,30
2024-12-02T06:28:35,30,0,2,30
2024-12-02T07:01:10,30,0,2,30
2024-12-02T07:33:45,30,0,2,30
2024-12-02T08:06:20,30,0,2,30
2024-12-02T08:39:01,30,0,2,30
2024-12-02T09:11:34,30,0,2,30
2024-12-02T09:44:16,30,0,2,30
2024-12-02T10:17:05,30,0,2,30
2024-12-02T10:49:39,30,0,2,30
2024-12-02T11:22:25,30,0,2,30
2024-12-02T11:55:18,30,0,2,30
2024-12-02T12:27:52,30,0,2,30
2024-12-02T13:00:45,30,0,2,30
2024-12-02T13:33:20,30,0,2,30
2024-12-02T14:06:06,30,0,2,30
2024-12-02T14:38:48,30,0,2,30
2024-12-02T15:11:44,30,0,2,30
2024-12-02T15:44:20,30,0,2,30
2024-12-02T16:17:06,30,0,2,30
2024-12-02T16:49:41,30,0,2,30
2024-12-02T17:22:36,30,0,2,30
2024-12-02T17:55:11,30,0,2,30
2024-12-02T18:27:56,30,0,2,30
2024-12-02T19:00:31,30,0,2,30
2024-12-02T19:33:10,30,0,2,30
2024-12-02T20:06:03,30,0,2,30
2024-12-02T20:38:38,30,0,2,30
2024-12-02T21:11:14,30,0,2,30
2024-12-02T21:43:57,30,0,2,30
2024-12-02T22:16:33,30,0,2,30
2024-12-02T22:49:10,30,0,2,30
2024-12-02T23:22:04,30,0,2,30
2024-12-02T23:54:39,30,0,2,30
2024-12-03T00:27:20,30,0,2,30
2024-12-03T01:00:00,30,0,2,30
2024-12-03T01:32:40,30,0,2,30
2024-12-03T02:05:40,30,0,2,30
2024-12-03T02:38:19,30,0,2,30
2024-12-03T03:10:57,30,0,2,30
2024-12-03T03:43:36,30,0,2,30
2024-12-03T04:46:19,30,0,2,30
2024-12-03T05:19:17,30,0,2,30
2024-12-03T05:51:56,30,0,2,30
2024-12-03T06:24:32,30,0,2,30
2024-12-03T06:57:12,30,0,2,30
2024-12-03T07:29:51,30,0,2,30
2024-12-03T08:02:28,30,0,2,30
2024-12-03T08:45:24,30,0,2,30
2024-12-03T09:18:02,30,0,2,30
2024-12-03T09:50:38,30,0,2,30
2024-12-03T10:23:25,30,0,2,30
2024-12-03T10:56:08,30,0,2,30
2024-12-03T11:28:58,30,0,2,30
2024-12-03T12:01:58,30,0,2,30
2024-12-03T12:35:14,30,0,2,30
2024-12-03T13:56:27,30,0,2,30
2024-12-03T14:29:54,30,0,2,30
2024-12-03T15:03:00,30,0,2,30
2024-12-03T15:36:21,30,0,2,30
2024-12-03T16:09:39,30,0,2,30
2024-12-03T16:42:55,30,0,2,30
2024-12-03T17:16:15,30,0,2,30
2024-12-03T17:49:20,30,0,2,30
2024-12-03T18:22:37,30,0,2,30
2024-12-03T18:55:41,30,0,2,30
2024-12-03T19:29:03,30,0,2,30
2024-12-03T20:02:07,30,0,2,30
2024-12-03T20:35:22,30,0,2,30
2024-12-03T21:08:28,30,0,2,30
2024-12-03T21:41:33,30,0,2,30
2024-12-03T22:14:49,30,0,2,30
2024-12-03T22:47:54,30,0,2,30
2024-12-03T23:21:01,30,0,2,30
2024-12-03T23:54:17,30,0,2,30
2024-12-04T00:27:52,30,0,2,30
2024-12-04T01:01:06,30,0,2,30
2024-12-04T01:34:17,30,0,2,30
2024-12-04T02:07:50,30,0,2,30
2024-12-04T02:40:57,30,0,2,30
2024-12-04T03:14:07,30,0,2,30
2024-12-04T03:47:19,30,0,2,30
2024-12-04T04:53:28,30,0,2,30
2024-12-04T05:26:40,30,0,2,30
2024-12-04T06:01:34,30,0,2,30
2024-12-04T06:34:44,30,0,2,30
2024-12-04T07:07:56,30,0,2,30
2024-12-04T07:41:04,30,0,2,30
2024-12-04T08:14:10,30,0,2,30
2024-12-04T08:47:24,30,0,2,30
2024-12-04T09:20:31,30,0,2,30
2024-12-04T09:53:36,30,0,2,30
2024-12-04T10:26:53,30,0,2,30
2024-12-04T10:59:58,30,0,2,30
2024-12-04T11:33:14,30,0,2,30
2024-12-04T12:06:21,30,0,2,30
2024-12-04T12:39:36,30,0,2,30
2024-12-04T13:12:42,30,0,2,30
2024-12-04T13:45:48,30,0,2,30
2024-12-04T14:19:02,30,0,2,30
2024-12-04T14:52:07,30,0,2,30
2024-12-04T15:25:24,30,0,2,30
2024-12-04T15:58:30,30,0,2,30
2024-12-04T16:31:48,30,0,2,30
2024-12-04T17:04:53,30,0,2,30
2024-12-04T17:38:12,30,0,2,30
2024-12-04T18:11:17,30,0,2,30
2024-12-04T18:44:35,30,0,2,30
2024-12-04T19:17:41,30,0,2,30
2024-12-04T19:50:56,30,0,2,30
2024-12-04T20:24:01,30,0,2,30
2024-12-04T20:57:05,30,0,2,30
2024-12-04T21:30:10,30,0,2,30
2024-12-04T22:03:26,30,0,2,30
2024-12-04T22:36:33,30,0,2,30
2024-12-04T23:09:38,30,0,2,30
2024-12-04T23:42:52,30,0,2,30
2024-12-05T00:16:21,30,0,2,30
2024-12-05T01:44:58,30,0,2,30
2024-12-05T03:18:56,30,0,2,30
2024-12-05T03:52:29,30,0,2,30
2024-12-05T05:32:00,30,0,2,30
2024-12-05T06:10:27,30,0,2,30
2024-12-05T06:43:36,30,0,2,30
2024-12-05T07:16:46,30,0,2,30
2024-12-05T07:49:56,30,0,2,30
2024-12-05T08:23:04,30,0,2,30
2024-12-05T08:56:09,30,0,2,30
2024-12-05T09:29:25,30,0,2,30
2024-12-05T10:02:31,30,0,2,30
2024-12-05T10:35:38,30,0,2,30
2024-12-05T11:08:58,30,0,2,30
2024-12-05T11:42:05,30,0,2,30
2024-12-05T12:15:21,30,0,2,30
2024-12-05T12:48:28,30,0,2,30
2024-12-05T13:21:45,30,0,2,30
2024-12-05T13:54:50,30,0,2,30
2024-12-05T14:28:08,30,0,2,30
2024-12-05T15:01:15,30,0,2,30
2024-12-05T15:34:35,30,0,2,30
2024-12-05T16:07:44,30,0,2,30
2024-12-05T16:40:55,30,0,2,30
2024-12-05T17:14:15,30,0,2,30
2024-12-05T17:47:24,30,0,2,30
2024-12-05T18:20:33,30,0,2,30
2024-12-05T18:53:54,30,0,2,30
2024-12-05T19:27:03,30,0,2,30
2024-12-05T20:00:12,30,0,2,30
2024-12-05T20:33:32,30,0,2,30
2024-12-05T21:06:41,30,0,2,30
2024-12-05T21:39:52,30,0,2,30
2024-12-05T22:13:12,30,0,2,30
2024-12-05T22:46:22,30,0,2,30
2024-12-05T23:19:31,30,0,2,30
2024-12-05T23:52:40,30,0,2,30
2024-12-06T00:26:09,30,0,2,30
2024-12-06T00:59:22,30,0,2,30
2024-12-06T01:32:37,30,0,2,30
2024-12-06T02:05:53,30,0,2,30
2024-12-06T02:39:08,30,0,2,30
2024-12-06T03:12:31,30,0,2,30
2024-12-06T03:45:42,30,0,2,30
2024-12-06T04:53:04,30,0,2,30
2024-12-06T05:26:21,30,0,2,30
2024-12-06T05:59:36,30,0,2,30
2024-12-06T06:32:49,30,0,2,30
2024-12-06T07:06:08,30,0,2,30
2024-12-06T07:39:21,30,0,2,30
2024-12-06T08:12:46,30,0,2,30
2024-12-06T08:45:56,30,0,2,30
2024-12-06T09:19:07,30,0,2,30
2024-12-06T09:52:18,30,0,2,30
2024-12-06T10:25:38,30,0,2,30
2024-12-06T10:58:49,30,0,2,30
2024-12-06T11:32:15,30,0,2,30
2024-12-06T12:05:25,30,0,2,30
2024-12-06T12:38:38,30,0,2,30
2024-12-06T13:11:59,30,0,2,30
2024-12-06T13:45:10,30,0,2,30
2024-12-06T14:18:35,30,0,2,30
2024-12-06T14:51:48,30,0,2,30
2024-12-06T15:25:03,30,0,2,30
2024-12-06T15:58:26,30,0,2,30
2024-12-06T16:31:38,30,0,2,30
2024-12-06T17:05:00,30,0,2,30
2024-12-06T17:38:12,30,0,2,30
2024-12-06T18:11:23,30,0,2,30
2024-12-06T18:44:45,30,0,2,30
2024-12-06T19:17:59,30,0,2,30
2024-12-06T19:51:21,30,0,2,30
2024-12-06T20:24:33,30,0,2,30
2024-12-06T20:57:44,30,0,2,30
2024-12-06T21:31:05,30,0,2,30
2024-12-06T22:04:18,30,0,2,30
2024-12-06T22:37:28,30,0,2,30
2024-12-06T23:10:49,30,0,2,30
2024-12-06T23:43:59,30,0,2,30
2024-12-07T00:25:17,30,0,2,30
2024-12-07T01:15:17,30,0,2,30
2024-12-07T01:55:00,30,0,2,30
2024-12-07T02:39:06,30,0,2,30
2024-12-07T03:26:18,30,0,2,30
2024-12-07T04:01:31,30,0,2,30
2024-12-07T06:10:31,30,0,2,30
2024-12-07T06:43:45,30,0,2,30
2024-12-07T07:17:02,30,0,2,30
2024-12-07T07:50:29,30,0,2,30
2024-12-07T08:23:43,30,0,2,30
2024-12-07T08:56:58,30,0,2,30
2024-12-07T09:30:14,30,0,2,30
2024-12-07T10:03:27,30,0,2,30
2024-12-07T10:36:51,30,0,2,30
2024-12-07T11:10:05,30,0,2,30
2024-12-07T11:43:26,30,0,2,30
2024-12-07T12:16:39,30,0,2,30
2024-12-07T12:49:50,30,0,2,30
2024-12-07T13:23:13,30,0,2,30
2024-12-07T13:56:25,30,0,2,30
2024-12-07T14:29:36,30,0,2,30
2024-12-07T15:02:57,30,0,2,30
2024-12-07T15:36:06,30,0,2,30
2024-12-07T16:09:17,30,0,2,30
2024-12-07T16:42:28,30,0,2,30
2024-12-07T17:15:49,30,0,2,30
2024-12-07T17:49:00,30,0,2,30
2024-12-07T18:22:12,30,0,2,30
2024-12-07T18:55:31,30,0,2,30
2024-12-07T19:28:41,30,0,2,30
2024-12-07T20:01:52,30,0,2,30
2024-12-07T20:35:04,30,0,2,30
2024-12-07T21:08:23,30,0,2,30
2024-12-07T21:41:35,30,0,2,30
2024-12-07T22:14:46,30,0,2,30
2024-12-07T22:47:55,30,0,2,30
2024-12-07T23:21:15,30,0,2,30
2024-12-07T23:54:24,30,0,2,30
2024-12-08T00:27:38,30,0,2,30
2024-12-08T01:00:51,30,0,2,30
2024-12-08T01:34:03,30,0,2,30
2024-12-08T02:07:16,30,0,2,30
2024-12-08T02:40:28,30,0,2,30
2024-12-08T03:13:49,30,0,2,30
2024-12-08T03:47:31,30,0,2,30
2024-12-08T04:53:25,30,0,2,30
2024-12-08T05:26:41,30,0,2,30
2024-12-08T06:00:03,30,0,2,30
2024-12-08T06:33:18,30,0,2,30
2024-12-08T07:06:33,30,0,2,30
2024-12-08T07:39:52,30,0,2,30
2024-12-08T08:13:41,30,0,2,30
2024-12-08T08:46:55,30,0,2,30
2024-12-08T09:20:08,30,0,2,30
2024-12-08T09:53:24,30,0,2,30
2024-12-08T10:26:41,30,0,2,30
2024-12-08T10:59:56,30,0,2,30
2024-12-08T11:33:19,30,0,2,30
2024-12-08T12:06:30,30,0,2,30
2024-12-08T12:39:40,30,0,2,30
2024-12-08T13:12:50,30,0,2,30
2024-12-08T13:46:09,30,0,2,30
2024-12-08T14:19:19,30,0,2,30
2024-12-08T14:52:32,30,0,2,30
2024-12-08T15:25:53,30,0,2,30
2024-12-08T15:59:03,30,0,2,30
2024-12-08T16:32:16,30,0,2,30
2024-12-08T17:05:35,30,0,2,30
2024-12-08T17:38:46,30,0,2,30
2024-12-08T18:11:57,30,0,2,30
2024-12-08T18:45:17,30,0,2,30
2024-12-08T19:18:31,30,0,2,30
2024-12-08T19:51:42,30,0,2,30
2024-12-08T20:25:01,30,0,2,30
2024-12-08T20:58:13,30,0,2,30
2024-12-08T21:31:24,30,0,2,30
2024-12-08T22:04:46,30,0,2,30
2024-12-08T22:37:57,30,0,2,30
2024-12-08T23:11:09,30,0,2,30
2024-12-08T23:44:21,30,0,2,30
2024-12-09T00:17:48,30,0,2,30
2024-12-09T00:51:08,30,0,2,30
2024-12-09T01:24:25,30,0,2,30
2024-12-09T01:57:40,30,0,2,30
2024-12-09T02:30:54,30,0,2,30
2024-12-09T03:04:17,30,0,2,30
2024-12-09T03:37:31,30,0,2,30
2024-12-09T04:46:34,30,0,2,30
2024-12-09T05:19:50,30,0,2,30
2024-12-09T05:53:11,30,0,2,30
2024-12-09T06:26:26,30,0,2,30
2024-12-09T06:59:39,30,0,2,30
2024-12-09T07:32:55,30,0,2,30
2024-12-09T08:06:07,30,0,2,30
2024-12-09T08:39:26,30,0,2,30
2024-12-09T09:12:39,30,0,2,30
2024-12-09T09:45:52,30,0,2,30
2024-12-09T10:19:14,30,0,2,30
2024-12-09T10:52:32,30,0,2,30
2024-12-09T11:25:47,30,0,2,30
2024-12-09T11:59:09,30,0,2,30
2024-12-09T12:32:22,30,0,2,30
2024-12-09T13:05:44,30,0,2,30
2024-12-09T13:39:01,30,0,2,30
2024-12-09T14:12:28,30,0,2,30
2024-12-09T14:45:45,30,0,2,30
2024-12-09T15:19:09,30,0,2,30
2024-12-09T15:52:24,30,0,2,30
2024-12-09T16:25:36,30,0,2,30
2024-12-09T16:59:00,30,0,2,30
2024-12-09T17:32:14,30,0,2,30
2024-12-09T18:05:27,30,0,2,30
2024-12-09T18:38:53,30,0,2,30
2024-12-09T19:12:11,30,0,2,30
2024-12-09T19:45:27,30,0,2,30
2024-12-09T20:18:53,30,0,2,30
2024-12-09T20:52:09,30,0,2,30
2024-12-09T21:25:27,30,0,2,30
2024-12-09T21:58:53,30,0,2,30
2024-12-09T22:32:11,30,0,2,30
2024-12-09T23:05:29,30,0,2,30
2024-12-09T23:38:46,30,0,2,30
2024-12-10T00:12:26,30,0,2,30
2024-12-10T00:45:53,30,0,2,30
2024-12-10T01:19:18,30,0,2,30
2024-12-10T01:52:43,30,0,2,30
2024-12-10T02:26:04,30,0,2,30
2024-12-10T02:59:34,30,0,2,30
2024-12-10T03:32:51,30,0,2,30
2024-12-10T04:08:24,30,0,2,30
2024-12-10T04:46:16,30,0,2,30
2024-12-10T05:19:37,30,0,2,30
2024-12-10T05:53:00,30,0,2,30
2024-12-10T06:26:21,30,0,2,30
2024-12-10T06:59:41,30,0,2,30
2024-12-10T07:33:03,30,0,2,30
2024-12-10T08:06:21,30,0,2,30
2024-12-10T08:39:47,30,0,2,30
2024-12-10T09:13:06,30,0,2,30
2024-12-10T09:46:24,30,0,2,30
2024-12-10T10:19:42,30,0,2,30
2024-12-10T10:53:12,30,0,2,30
2024-12-10T11:26:31,30,0,2,30
2024-12-10T11:59:57,30,0,2,30
2024-12-10T12:33:16,30,0,2,30
2024-12-10T13:06:35,30,0,2,30
2024-12-10T13:40:03,30,0,2,30
2024-12-10T14:13:23,30,0,2,30
2024-12-10T14:46:54,30,0,2,30
2024-12-10T15:20:13,30,0,2,30
2024-12-10T15:53:32,30,0,2,30
2024-12-10T16:27:02,30,0,2,30
2024-12-10T17:00:21,30,0,2,30
2024-12-10T17:33:41,30,0,2,30
2024-12-10T18:07:11,30,0,2,30
2024-12-10T18:40:28,30,0,2,30
2024-12-10T19:13:48,30,0,2,30
2024-12-10T19:47:17,30,0,2,30
2024-12-10T20:20:36,30,0,2,30
2024-12-10T20:53:55,30,0,2,30
2024-12-10T21:27:26,30,0,2,30
2024-12-10T22:00:47,30,0,2,30
2024-12-10T22:34:07,30,0,2,30
2024-12-10T23:07:27,30,0,2,30
2024-12-10T23:40:55,30,0,2,30
2024-12-11T00:14:23,30,0,2,30
2024-12-11T00:47:50,30,0,2,30
2024-12-11T01:21:25,30,0,2,30
2024-12-11T01:54:50,30,0,2,30
2024-12-11T02:28:14,30,0,2,30
2024-12-11T03:01:37,30,0,2,30
2024-12-11T03:35:19,30,0,2,30
2024-12-11T04:55:30,30,0,2,30
2024-12-11T05:28:55,30,0,2,30
2024-12-11T06:02:19,30,0,2,30
2024-12-11T06:35:42,30,0,2,30
2024-12-11T07:09:11,30,0,2,30
2024-12-11T07:42:32,30,0,2,30
2024-12-11T08:16:07,30,0,2,30
2024-12-11T08:49:29,30,0,2,30
2024-12-11T09:22:50,30,0,2,30
2024-12-11T09:56:10,30,0,2,30
2024-12-11T10:29:40,30,0,2,30
2024-12-11T11:03:03,30,0,2,30
2024-12-11T11:36:46,30,0,2,30
2024-12-11T12:10:17,30,0,2,30
2024-12-11T12:43:38,30,0,2,30
2024-12-11T13:16:59,30,0,2,30
2024-12-11T13:50:32,30,0,2,30
2024-12-11T14:23:53,30,0,2,30
2024-12-11T14:57:27,30,0,2,30
2024-12-11T15:31:07,30,0,2,30
2024-12-11T16:04:27,30,0,2,30
2024-12-11T16:37:58,30,0,2,30
2024-12-11T17:11:18,30,0,2,30
2024-12-11T17:44:39,30,0,2,30
2024-12-11T18:18:11,30,0,2,30
2024-12-11T18:51:31,30,0,2,30
2024-12-11T19:24:51,30,0,2,30
2024-12-11T19:58:29,30,0,2,30
2024-12-11T20:31:51,30,0,2,30
2024-12-11T21:05:12,30,0,2,30
2024-12-11T21:38:45,30,0,2,30
2024-12-11T22:12:06,30,0,2,30
2024-12-11T22:45:27,30,0,2,30
2024-12-11T23:18:58,30,0,2,30
2024-12-11T23:52:19,30,0,2,30
2024-12-12T00:25:57,30,0,2,30
2024-12-12T00:59:43,30,0,2,30
2024-12-12T01:33:10,30,0,2,30
2024-12-12T02:06:39,30,0,2,30
2024-12-12T02:40:01,30,0,2,30
2024-12-12T03:13:22,30,0,2,30
2024-12-12T03:46:44,30,0,2,30
2024-12-12T04:54:36,30,0,2,30
2024-12-12T05:28:10,30,0,2,30
2024-12-12T06:01:35,30,0,2,30
2024-12-12T06:34:59,30,0,2,30
2024-12-12T07:08:25,30,0,2,30
2024-12-12T07:41:47,30,0,2,30
2024-12-12T08:15:22,30,0,2,30
2024-12-12T08:48:44,30,0,2,30
2024-12-12T09:22:07,30,0,2,30
2024-12-12T09:55:30,30,0,2,30
2024-12-12T10:29:02,30,0,2,30
2024-12-12T11:02:23,30,0,2,30
2024-12-12T11:36:04,30,0,2,30
2024-12-12T12:09:25,30,0,2,30
2024-12-12T12:42:57,30,0,2,30
2024-12-12T13:16:20,30,0,2,30
2024-12-12T13:49:56,30,0,2,30
2024-12-12T14:23:21,30,0,2,30
2024-12-12T14:56:53,30,0,2,30
2024-12-12T15:30:16,30,0,2,30
2024-12-12T16:03:58,30,0,2,30
2024-12-12T16:37:21,30,0,2,30
2024-12-12T17:10:45,30,0,2,30
2024-12-12T17:44:19,30,0,2,30
2024-12-12T18:17:44,30,0,2,30
2024-12-12T18:51:17,30,0,2,30
2024-12-12T19:24:40,30,0,2,30
2024-12-12T19:58:03,30,0,2,30
2024-12-12T20:31:38,30,0,2,30
2024-12-12T21:05:04,30,0,2,30
2024-12-12T21:38:29,30,0,2,30
2024-12-12T22:12:09,30,0,2,30
2024-12-12T22:45:32,30,0,2,30
2024-12-12T23:18:55,30,0,2,30
2024-12-12T23:52:29,30,0,2,30
2024-12-13T00:25:59,30,0,2,30
2024-12-13T00:59:29,30,0,2,30
2024-12-13T01:32:59,30,0,2,30
2024-12-13T02:06:35,30,0,2,30
2024-12-13T02:40:05,30,0,2,30
2024-12-13T03:13:47,30,0,2,30
2024-12-13T03:47:16,30,0,2,30
2024-12-13T04:53:55,30,0,2,30
2024-12-13T05:27:22,30,0,2,30
2024-12-13T06:00:48,30,0,2,30
2024-12-13T06:34:16,30,0,2,30
2024-12-13T07:07:45,30,0,2,30
2024-12-13T07:41:13,30,0,2,30
2024-12-13T08:14:54,30,0,2,30
2024-12-13T08:48:19,30,0,2,30
2024-12-13T09:21:44,30,0,2,30
2024-12-13T09:55:11,30,0,2,30
2024-12-13T10:28:50,30,0,2,30
2024-12-13T11:02:20,30,0,2,30
2024-12-13T11:36:07,30,0,2,30
2024-12-13T12:09:33,30,0,2,30
2024-12-13T12:42:59,30,0,2,30
2024-12-13T13:16:37,30,0,2,30
2024-12-13T13:50:04,30,0,2,30
2024-12-13T14:23:51,30,0,2,30
2024-12-13T14:57:31,30,0,2,30
2024-12-13T15:31:02,30,0,2,30
2024-12-13T16:04:48,30,0,2,30
2024-12-13T16:38:14,30,0,2,30
2024-12-13T17:11:43,30,0,2,30
2024-12-13T17:45:22,30,0,2,30
2024-12-13T18:18:49,30,0,2,30
2024-12-13T18:52:26,30,0,2,30
2024-12-13T19:26:02,30,0,2,30
2024-12-13T19:59:38,30,0,2,30
2024-12-13T20:33:15,30,0,2,30
2024-12-13T21:06:41,30,0,2,30
2024-12-13T21:40:32,30,0,2,30
2024-12-13T22:13:57,30,0,2,30
2024-12-13T22:47:36,30,0,2,30
2024-12-13T23:21:22,30,0,2,30
2024-12-13T23:54:49,30,0,2,30
2024-12-14T00:28:32,30,0,2,30
2024-12-14T01:02:23,30,0,2,30
2024-12-14T01:36:00,30,0,2,30
2024-12-14T02:09:29,30,0,2,30
2024-12-14T02:42:54,30,0,2,30
2024-12-14T03:16:39,30,0,2,30
2024-12-14T03:50:04,30,0,2,30
2024-12-14T04:50:26,30,0,2,30
2024-12-14T05:23:56,30,0,2,30
2024-12-14T05:57:31,30,0,2,30
2024-12-14T06:31:07,30,0,2,30
2024-12-14T07:04:48,30,0,2,30
2024-12-14T07:38:18,30,0,2,30
2024-12-14T08:11:52,30,0,2,30
2024-12-14T08:45:18,30,0,2,30
2024-12-14T09:18:55,30,0,2,30
2024-12-14T09:52:32,30,0,2,30
2024-12-14T10:25:58,30,0,2,30
2024-12-14T10:59:35,30,0,2,30
2024-12-14T11:33:03,30,0,2,30
2024-12-14T12:06:37,30,0,2,30
2024-12-14T12:40:03,30,0,2,30
2024-12-14T13:13:36,30,0,2,30
2024-12-14T13:47:11,30,0,2,30
2024-12-14T14:20:35,30,0,2,30
2024-12-14T14:54:15,30,0,2,30
2024-12-14T15:27:49,30,0,2,30
2024-12-14T16:01:24,30,0,2,30
2024-12-14T16:34:49,30,0,2,30
2024-12-14T17:08:23,30,0,2,30
2024-12-14T17:41:58,30,0,2,30
2024-12-14T18:15:22,30,0,2,30
2024-12-14T18:48:58,30,0,2,30
2024-12-14T19:22:23,30,0,2,30
2024-12-14T19:55:59,30,0,2,30
2024-12-14T20:29:25,30,0,2,30
2024-12-14T21:02:59,30,0,2,30
2024-12-14T21:36:25,30,0,2,30
2024-12-14T22:10:00,30,0,2,30
2024-12-14T22:43:26,30,0,2,30
2024-12-14T23:17:01,30,0,2,30
2024-12-14T23:50:35,30,0,2,30
2024-12-15T00:24:00,30,0,2,30
2024-12-15T01:24:41,30,0,2,30
2024-12-15T01:58:20,30,0,2,30
2024-12-15T02:31:45,30,0,2,30
2024-12-15T03:05:12,30,0,2,30
2024-12-15T03:38:51,30,0,2,30
2024-12-15T04:45:05,30,0,2,30
2024-12-15T05:19:01,30,0,2,30
2024-12-15T05:52:41,30,0,2,30
2024-12-15T06:26:12,30,0,2,30
2024-12-15T06:59:45,30,0,2,30
2024-12-15T07:33:16,30,0,2,30
2024-12-15T08:06:55,30,0,2,30
2024-12-15T08:40:23,30,0,2,30
2024-12-15T09:13:51,30,0,2,30
2024-12-15T09:47:19,30,0,2,30
2024-12-15T10:20:50,30,0,2,30
2024-12-15T10:54:30,30,0,2,30
2024-12-15T11:28:00,30,0,2,30
2024-12-15T12:01:27,30,0,2,30
2024-12-15T12:35:04,30,0,2,30
2024-12-15T13:08:29,30,0,2,30
2024-12-15T13:41:57,30,0,2,30
2024-12-15T14:15:23,30,0,2,30
2024-12-15T14:49:00,30,0,2,30
2024-12-15T15:22:26,30,0,2,30
2024-12-15T15:55:52,30,0,2,30
2024-12-15T16:29:32,30,0,2,30
2024-12-15T17:02:57,30,0,2,30
2024-12-15T17:36:24,30,0,2,30
2024-12-15T18:10:01,30,0,2,30
2024-12-15T18:43:28,30,0,2,30
2024-12-15T19:16:55,30,0,2,30
2024-12-15T19:50:32,30,0,2,30
2024-12-15T20:23:58,30,0,2,30
2024-12-15T20:57:26,30,0,2,30
2024-12-15T21:31:06,30,0,2,30
2024-12-15T22:04:35,30,0,2,30
2024-12-15T22:38:05,30,0,2,30
2024-12-15T23:11:43,30,0,2,30
2024-12-15T23:45:10,30,0,2,30
2024-12-16T00:18:41,30,0,2,30
2024-12-16T00:52:22,30,0,2,30
2024-12-16T01:25:57,30,0,2,30
2024-12-16T01:59:29,30,0,2,30
2024-12-16T02:33:09,30,0,2,30
2024-12-16T03:06:38,30,0,2,30
2024-12-16T03:40:17,30,0,2,30
2024-12-16T04:47:48,30,0,2,30
2024-12-16T05:21:18,30,0,2,30
2024-12-16T05:54:51,30,0,2,30
2024-12-16T06:28:23,30,0,2,30
2024-12-16T07:01:59,30,0,2,30
2024-12-16T07:35:33,30,0,2,30
2024-12-16T08:09:12,30,0,2,30
2024-12-16T08:42:46,30,0,2,30
2024-12-16T09:16:14,30,0,2,30
2024-12-16T09:49:57,30,0,2,30
2024-12-16T10:23:26,30,0,2,30
2024-12-16T10:56:56,30,0,2,30
2024-12-16T11:30:41,30,0,2,30
2024-12-16T12:04:20,30,0,2,30
2024-12-16T12:38:00,30,0,2,30
2024-12-16T13:11:27,30,0,2,30
2024-12-16T13:45:09,30,0,2,30
2024-12-16T14:18:40,30,0,2,30
2024-12-16T14:52:20,30,0,2,30
2024-12-16T15:25:50,30,0,2,30
2024-12-16T15:59:32,30,0,2,30
2024-12-16T16:33:16,30,0,2,30
2024-12-16T17:06:47,30,0,2,30
2024-12-16T17:40:28,30,0,2,30
2024-12-16T18:14:09,30,0,2,30
2024-12-16T18:47:40,30,0,2,30
2024-12-16T19:21:20,30,0,2,30
2024-12-16T19:54:50,30,0,2,30
2024-12-16T20:28:32,30,0,2,30
2024-12-16T21:02:13,30,0,2,30
2024-12-16T21:35:47,30,0,2,30
2024-12-16T22:09:31,30,0,2,30
2024-12-16T22:43:16,30,0,2,30
2024-12-16T23:16:47,30,0,2,30
2024-12-16T23:50:18,30,0,2,30
2024-12-17T00:24:04,30,0,2,30
2024-12-17T00:57:43,30,0,2,30
2024-12-17T01:31:23,30,0,2,30
2024-12-17T02:05:20,30,0,2,30
2024-12-17T02:38:53,30,0,2,30
2024-12-17T03:12:26,30,0,2,30
2024-12-17T03:45:58,30,0,2,30
2024-12-17T04:50:36,30,0,2,30
2024-12-17T05:24:09,30,0,2,30
2024-12-17T05:57:39,30,0,2,30
2024-12-17T06:31:10,30,0,2,30
2024-12-17T07:05:05,30,0,2,30
2024-12-17T07:38:40,30,0,2,30
2024-12-17T08:12:14,30,0,2,30
2024-12-17T08:45:47,30,0,2,30
2024-12-17T09:19:29,30,0,2,30
2024-12-17T09:53:04,30,0,2,30
2024-12-17T10:26:51,30,0,2,30
2024-12-17T11:00:39,30,0,2,30
2024-12-17T11:34:17,30,0,2,30
2024-12-17T12:08:06,30,0,2,30
2024-12-17T12:41:49,30,0,2,30
2024-12-17T13:15:37,30,0,2,30
2024-12-17T13:49:11,30,0,2,30
2024-12-17T14:22:58,30,0,2,30
2024-12-17T14:56:39,30,0,2,30
2024-12-17T15:30:26,30,0,2,30
2024-12-17T16:03:59,30,0,2,30
2024-12-17T16:37:45,30,0,2,30
2024-12-17T17:11:26,30,0,2,30
2024-12-17T17:45:00,30,0,2,30
2024-12-17T18:18:44,30,0,2,30
2024-12-17T18:52:32,30,0,2,30
2024-12-17T19:26:19,30,0,2,30
2024-12-17T19:59:52,30,0,2,30
2024-12-17T20:33:37,30,0,2,30
2024-12-17T21:07:24,30,0,2,30
2024-12-17T21:41:00,30,0,2,30
2024-12-17T22:14:49,30,0,2,30
2024-12-17T22:48:36,30,0,2,30
2024-12-17T23:22:14,30,0,2,30
2024-12-17T23:56:00,30,0,2,30
2024-12-18T00:29:57,30,0,2,30
2024-12-18T01:03:40,30,0,2,30
2024-12-18T01:37:47,30,0,2,30
2024-12-18T02:11:30,30,0,2,30
2024-12-18T02:45:10,30,0,2,30
2024-12-18T03:18:45,30,0,2,30
2024-12-18T03:52:36,30,0,2,30
2024-12-18T04:45:53,30,0,2,30
2024-12-18T05:19:32,30,0,2,30
2024-12-18T05:53:09,30,0,2,30
2024-12-18T06:26:45,30,0,2,30
2024-12-18T07:00:35,30,0,2,30
2024-12-18T07:34:12,30,0,2,30
2024-12-18T08:07:49,30,0,2,30
2024-12-18T08:41:36,30,0,2,30
2024-12-18T09:15:25,30,0,2,30
2024-12-18T09:49:03,30,0,2,30
2024-12-18T10:22:53,30,0,2,30
2024-12-18T10:56:43,30,0,2,30
2024-12-18T11:30:35,30,0,2,30
2024-12-18T12:04:11,30,0,2,30
2024-12-18T12:37:58,30,0,2,30
2024-12-18T13:11:47,30,0,2,30
2024-12-18T13:45:23,30,0,2,30
2024-12-18T14:19:09,30,0,2,30
2024-12-18T14:53:00,30,0,2,30
2024-12-18T15:26:38,30,0,2,30
2024-12-18T16:00:25,30,0,2,30
2024-12-18T16:34:14,30,0,2,30
2024-12-18T17:07:51,30,0,2,30
2024-12-18T17:41:40,30,0,2,30
2024-12-18T18:15:19,30,0,2,30
2024-12-18T18:49:10,30,0,2,30
2024-12-18T19:22:46,30,0,2,30
2024-12-18T19:56:36,30,0,2,30
2024-12-18T20:30:12,30,0,2,30
2024-12-18T21:04:00,30,0,2,30
2024-12-18T21:37:38,30,0,2,30
2024-12-18T22:11:15,30,0,2,30
2024-12-18T22:45:02,30,0,2,30
2024-12-18T23:18:37,30,0,2,30
2024-12-18T23:52:25,30,0,2,30
2024-12-19T00:26:02,30,0,2,30
2024-12-19T00:59:36,30,0,2,30
2024-12-19T01:33:20,30,0,2,30
2024-12-19T02:07:07,30,0,2,30
2024-12-19T02:40:36,30,0,2,30
2024-12-19T03:14:11,30,0,2,30
2024-12-19T03:47:46,30,0,2,30
2024-12-19T04:50:35,30,0,2,30
2024-12-19T05:24:17,30,0,2,30
2024-12-19T05:57:59,30,0,2,30
2024-12-19T06:31:39,30,0,2,30
2024-12-19T07:05:23,30,0,2,30
2024-12-19T07:39:01,30,0,2,30
2024-12-19T08:12:44,30,0,2,30
2024-12-19T08:46:22,30,0,2,30
2024-12-19T09:20:01,30,0,2,30
2024-12-19T09:53:54,30,0,2,30
2024-12-19T10:27:31,30,0,2,30
2024-12-19T11:01:09,30,0,2,30
2024-12-19T11:34:55,30,0,2,30
2024-12-19T12:08:32,30,0,2,30
2024-12-19T12:42:23,30,0,2,30
2024-12-19T13:16:01,30,0,2,30
2024-12-19T13:49:50,30,0,2,30
2024-12-19T14:23:29,30,0,2,30
2024-12-19T14:57:16,30,0,2,30
2024-12-19T15:30:54,30,0,2,30
2024-12-19T16:04:43,30,0,2,30
2024-12-19T16:38:24,30,0,2,30
2024-12-19T17:12:00,30,0,2,30
2024-12-19T17:45:48,30,0,2,30
2024-12-19T18:19:30,30,0,2,30
2024-12-19T18:53:20,30,0,2,30
2024-12-19T19:26:58,30,0,2,30
2024-12-19T20:00:47,30,0,2,30
2024-12-19T20:34:24,30,0,2,30
2024-12-19T21:08:04,30,0,2,30
2024-12-19T21:41:56,30,0,2,30
2024-12-19T22:15:36,30,0,2,30
2024-12-19T22:49:24,30,0,2,30
2024-12-19T23:23:02,30,0,2,30
2024-12-19T23:56:53,30,0,2,30
2024-12-20T00:30:44,30,0,2,30
2024-12-20T01:04:41,30,0,2,30
2024-12-20T01:38:24,30,0,2,30
2024-12-20T02:12:07,30,0,2,30
2024-12-20T02:45:49,30,0,2,30
2024-12-20T03:19:32,30,0,2,30
2024-12-20T03:53:32,30,0,2,30
2024-12-20T04:48:14,30,0,2,30
2024-12-20T05:21:55,30,0,2,30
2024-12-20T05:55:37,30,0,2,30
2024-12-20T06:29:15,30,0,2,30
2024-12-20T07:02:54,30,0,2,30
2024-12-20T07:36:34,30,0,2,30
2024-12-20T08:10:21,30,0,2,30
2024-12-20T08:43:59,29,1,2,30
2024-12-20T09:17:38,29,1,2,30
2024-12-20T09:51:16,29,1,2,30
2024-12-20T10:25:03,29,1,2,30
2024-12-20T10:58:40,29,1,2,30
2024-12-20T11:32:27,29,1,2,30
2024-12-20T12:06:05,29,1,2,30
2024-12-20T12:39:51,29,1,2,30
2024-12-20T13:13:29,29,1,2,30
2024-12-20T13:47:06,29,1,2,30
2024-12-20T14:20:53,29,1,2,30
2024-12-20T14:54:31,29,1,2,30
2024-12-20T15:28:20,29,1,2,30
2024-12-20T16:01:59,29,1,2,30
2024-12-20T16:35:38,29,1,2,30
2024-12-20T17:09:24,29,1,2,30
2024-12-20T17:43:03,29,1,2,30
2024-12-20T18:16:42,29,1,2,30
2024-12-20T18:50:29,29,1,2,30
2024-12-20T19:24:08,29,1,2,30
2024-12-20T19:57:46,29,1,2,30
2024-12-20T20:31:36,29,1,2,30
2024-12-20T21:05:13,29,1,2,30
2024-12-20T21:38:54,29,1,2,30
2024-12-20T22:12:34,29,1,2,30
2024-12-20T22:46:27,30,0,1,30
2024-12-20T23:20:07,30,0,1,30
2024-12-20T23:53:48,30,0,1,30
2024-12-21T00:27:43,30,0,1,30
2024-12-21T01:01:25,30,0,1,30
2024-12-21T01:35:06,30,0,1,30
2024-12-21T02:08:53,30,0,1,30
2024-12-21T02:42:35,30,0,1,30
2024-12-21T03:16:27,30,0,1,30
2024-12-21T03:50:08,30,0,1,30
2024-12-21T04:52:59,30,0,1,30
2024-12-21T05:26:43,30,0,1,30
2024-12-21T06:00:25,30,0,1,30
2024-12-21T06:34:06,30,0,1,30
2024-12-21T07:07:47,30,0,1,30
2024-12-21T07:41:43,30,0,1,30
2024-12-21T08:15:21,30,0,1,30
2024-12-21T08:48:59,30,0,1,30
2024-12-21T09:22:37,30,0,1,30
2024-12-21T09:56:24,30,0,1,30
2024-12-21T10:30:02,30,0,1,30
2024-12-21T11:03:41,30,0,1,30
2024-12-21T11:37:19,30,0,1,30
2024-12-21T12:11:06,30,0,1,30
2024-12-21T12:44:43,30,0,1,30
2024-12-21T13:18:21,30,0,1,30
2024-12-21T13:51:59,30,0,1,30
2024-12-21T14:25:46,30,0,1,30
2024-12-21T14:59:23,30,0,1,30
2024-12-21T15:33:01,30,0,1,30
2024-12-21T16:06:39,30,0,1,30
2024-12-21T16:40:28,30,0,1,30
2024-12-21T17:14:06,30,0,1,30
2024-12-21T17:47:45,30,0,1,30
2024-12-21T18:21:25,30,0,1,30
2024-12-21T18:55:11,30,0,1,30
2024-12-21T19:28:49,30,0,1,30
2024-12-21T20:02:26,30,0,1,30
2024-12-21T20:36:03,30,0,1,30
2024-12-21T21:09:40,30,0,1,30
2024-12-21T21:43:30,30,0,1,30
2024-12-21T22:17:09,30,0,1,30
2024-12-21T22:50:47,30,0,1,30
2024-12-21T23:24:26,30,0,1,30
2024-12-21T23:58:15,30,0,1,30
2024-12-22T00:32:01,30,0,1,30
2024-12-22T01:05:43,30,0,1,30
2024-12-22T01:39:24,30,0,1,30
2024-12-22T02:13:07,30,0,1,30
2024-12-22T02:46:49,30,0,1,30
2024-12-22T03:20:39,30,0,1,30
2024-12-22T03:54:20,30,0,1,30
2024-12-22T04:45:52,30,0,1,30
2024-12-22T05:19:35,30,0,1,30
2024-12-22T05:53:19,30,0,1,30
2024-12-22T06:27:04,30,0,1,30
2024-12-22T07:00:45,30,0,1,30
2024-12-22T07:34:30,30,0,1,30
2024-12-22T08:08:12,30,0,1,30
2024-12-22T08:42:04,30,0,1,30
2024-12-22T09:15:49,30,0,1,30
2024-12-22T09:49:36,30,0,1,30
2024-12-22T10:23:23,30,0,1,30
2024-12-22T10:57:06,30,0,1,30
2024-12-22T11:31:00,30,0,1,30
2024-12-22T12:04:40,30,0,1,30
2024-12-22T12:38:18,30,0,1,30
2024-12-22T13:11:56,30,0,1,30
2024-12-22T13:45:33,30,0,1,30
2024-12-22T14:19:22,30,0,1,30
2024-12-22T14:53:00,30,0,1,30
2024-12-22T15:26:39,30,0,1,30
2024-12-22T16:00:18,30,0,1,30
2024-12-22T16:34:07,30,0,1,30
2024-12-22T17:07:46,30,0,1,30
2024-12-22T17:41:24,30,0,1,30
2024-12-22T18:15:02,30,0,1,30
2024-12-22T18:48:49,30,0,1,30
2024-12-22T19:22:27,30,0,1,30
2024-12-22T19:56:05,30,0,1,30
2024-12-22T20:29:43,30,0,1,30
2024-12-22T21:03:21,30,0,1,30
2024-12-22T21:37:11,30,0,1,30
2024-12-22T22:10:57,30,0,1,30
2024-12-22T22:44:40,30,0,1,30
2024-12-22T23:18:19,30,0,1,30
2024-12-22T23:52:07,30,0,1,30
2024-12-23T00:25:51,30,0,1,30
2024-12-23T00:59:40,30,0,1,30
2024-12-23T01:33:28,30,0,1,30
2024-12-23T02:07:13,30,0,1,30
2024-12-23T02:41:12,30,0,1,30
2024-12-23T03:14:53,30,0,1,30
2024-12-23T03:48:34,30,0,1,30
2024-12-23T04:40:13,30,0,1,30
2024-12-23T05:13:58,30,0,1,30
2024-12-23T05:47:42,30,0,1,30
2024-12-23T06:21:24,30,0,1,30
2024-12-23T06:55:08,30,0,1,30
2024-12-23T07:28:51,30,0,1,30
2024-12-23T08:02:37,30,0,1,30
2024-12-23T08:36:16,30,0,1,30
2024-12-23T09:09:57,30,0,1,30
2024-12-23T09:43:36,30,0,1,30
2024-12-23T10:17:15,30,0,1,30
2024-12-23T10:50:58,30,0,1,30
2024-12-23T11:24:50,30,0,1,30
2024-12-23T11:58:30,30,0,1,30
2024-12-23T12:32:10,30,0,1,30
2024-12-23T13:05:59,30,0,1,30
2024-12-23T13:39:37,30,0,1,30
2024-12-23T14:13:16,30,0,1,30
2024-12-23T14:47:05,30,0,1,30
2024-12-23T15:20:44,30,0,1,30
2024-12-23T15:54:22,30,0,1,30
2024-12-23T16:28:01,30,0,1,30
2024-12-23T17:01:49,30,0,1,30
2024-12-23T17:35:28,30,0,1,30
2024-12-23T18:09:07,30,0,1,30
2024-12-23T18:42:45,30,0,1,30
2024-12-23T19:16:24,30,0,1,30
2024-12-23T19:50:02,30,0,1,30
2024-12-23T20:23:50,30,0,1,30
2024-12-23T20:57:27,30,0,1,30
2024-12-23T21:31:11,30,0,1,30
2024-12-23T22:05:00,30,0,1,30
2024-12-23T22:38:41,30,0,1,30
2024-12-23T23:12:19,30,0,1,30
2024-12-23T23:46:08,30,0,1,30
2024-12-24T00:19:49,30,0,1,30
2024-12-24T00:53:33,30,0,1,30
2024-12-24T01:27:16,30,0,1,30
2024-12-24T02:01:10,30,0,1,30
2024-12-24T02:35:01,30,0,1,30
2024-12-24T03:08:41,30,0,1,30
2024-12-24T03:42:22,30,0,1,30
2024-12-24T04:52:07,30,0,1,30
2024-12-24T05:25:49,30,0,1,30
2024-12-24T05:59:32,30,0,1,30
2024-12-24T06:33:14,30,0,1,30
2024-12-24T07:07:01,30,0,1,30
2024-12-24T07:40:40,30,0,1,30
2024-12-24T08:14:26,30,0,1,30
2024-12-24T08:48:05,30,0,1,30
2024-12-24T09:21:42,30,0,1,30
2024-12-24T09:55:20,30,0,1,30
2024-12-24T10:28:58,30,0,1,30
2024-12-24T11:02:35,30,0,1,30
2024-12-24T11:36:24,30,0,1,30
2024-12-24T12:10:02,30,0,1,30
2024-12-24T12:43:40,30,0,1,30
2024-12-24T13:17:19,30,0,1,30
2024-12-24T13:50:56,30,0,1,30
2024-12-24T14:24:34,30,0,1,30
2024-12-24T14:58:24,30,0,1,30
2024-12-24T15:32:02,30,0,1,30
2024-12-24T16:05:40,30,0,1,30
2024-12-24T16:39:18,30,0,1,30
2024-12-24T17:12:56,30,0,1,30
2024-12-24T17:46:44,30,0,1,30
2024-12-24T18:20:22,30,0,1,30
2024-12-24T18:54:00,30,0,1,30
2024-12-24T19:27:38,30,0,1,30
2024-12-24T20:01:16,30,0,1,30
2024-12-24T20:34:54,30,0,1,30
2024-12-24T21:08:43,30,0,1,30
2024-12-24T21:42:22,30,0,1,30
2024-12-24T22:15:59,30,0,1,30
2024-12-24T22:49:37,30,0,1,30
2024-12-24T23:23:16,30,0,1,30
2024-12-24T23:56:54,30,0,1,30
2024-12-25T00:30:36,30,0,1,30
2024-12-25T01:04:32,30,0,1,30
2024-12-25T01:38:17,30,0,1,30
2024-12-25T02:12:01,30,0,1,30
2024-12-25T02:45:50,30,0,1,30
2024-12-25T03:19:33,30,0,1,30
2024-12-25T03:53:14,30,0,1,30
2024-12-25T04:45:54,30,0,1,30
2024-12-25T05:19:36,30,0,1,30
2024-12-25T05:53:21,30,0,1,30
2024-12-25T06:27:03,30,0,1,30
2024-12-25T07:00:44,30,0,1,30
2024-12-25T07:34:26,30,0,1,30
2024-12-25T08:08:04,30,0,1,30
2024-12-25T08:41:43,30,0,1,30
2024-12-25T09:15:28,30,0,1,30
2024-12-25T09:49:05,30,0,1,30
2024-12-25T10:22:43,30,0,1,30
2024-12-25T10:56:20,30,0,1,30
2024-12-25T11:30:00,30,0,1,30
2024-12-25T12:03:37,30,0,1,30
2024-12-25T12:37:15,30,0,1,30
2024-12-25T13:11:01,30,0,1,30
2024-12-25T13:44:38,30,0,1,30
2024-12-25T14:18:16,30,0,1,30
2024-12-25T14:51:54,30,0,1,30
2024-12-25T15:25:32,30,0,1,30
2024-12-25T15:59:21,30,0,1,30
2024-12-25T16:32:59,30,0,1,30
2024-12-25T17:06:40,30,0,1,30
2024-12-25T17:40:19,30,0,1,30
2024-12-25T18:13:57,30,0,1,30
2024-12-25T18:47:35,30,0,1,30
2024-12-25T19:21:13,30,0,1,30
2024-12-25T19:55:01,30,0,1,30
2024-12-25T20:28:39,30,0,1,30
2024-12-25T21:02:17,30,0,1,30
2024-12-25T21:35:57,30,0,1,30
2024-12-25T22:09:35,30,0,1,30
2024-12-25T22:43:23,30,0,1,30
2024-12-25T23:17:02,30,0,1,30
2024-12-25T23:50:42,30,0,1,30
2024-12-26T00:24:24,30,0,1,30
2024-12-26T00:58:08,30,0,1,30
2024-12-26T01:31:50,30,0,1,30
2024-12-26T02:05:41,30,0,1,30
2024-12-26T02:39:30,30,0,1,30
2024-12-26T03:13:20,30,0,1,30
2024-12-26T03:47:01,30,0,1,30
2024-12-26T04:46:46,30,0,1,30
2024-12-26T05:20:28,30,0,1,30
2024-12-26T05:54:11,30,0,1,30
2024-12-26T06:27:54,30,0,1,30
2024-12-26T07:01:39,30,0,1,30
2024-12-26T07:35:20,30,0,1,30
2024-12-26T08:08:58,30,0,1,30
2024-12-26T08:42:35,30,0,1,30
2024-12-26T09:16:21,30,0,1,30
2024-12-26T09:49:58,30,0,1,30
2024-12-26T10:23:37,30,0,1,30
2024-12-26T10:57:14,30,0,1,30
2024-12-26T11:31:10,30,0,1,30
2024-12-26T12:04:49,30,0,1,30
2024-12-26T12:38:26,30,0,1,30
2024-12-26T13:12:04,30,0,1,30
2024-12-26T13:45:51,30,0,1,30
2024-12-26T14:19:29,30,0,1,30
2024-12-26T14:53:07,30,0,1,30
2024-12-26T15:27:02,30,0,1,30
2024-12-26T16:00:39,30,0,1,30
2024-12-26T16:34:18,30,0,1,30
2024-12-26T17:08:08,30,0,1,30
2024-12-26T17:42:32,30,0,1,30
2024-12-26T18:16:38,30,0,1,30
2024-12-26T18:50:26,30,0,1,30
2024-12-26T19:24:38,30,0,1,30
2024-12-26T19:58:15,30,0,1,30
2024-12-26T20:31:53,30,0,1,30
2024-12-26T21:05:30,30,0,1,30
2024-12-26T21:39:27,30,0,1,30
2024-12-26T22:13:05,30,0,1,30
2024-12-26T22:46:42,30,0,1,30
2024-12-26T23:20:21,30,0,1,30
2024-12-26T23:54:00,30,0,1,30
2024-12-27T00:27:52,30,0,1,30
2024-12-27T01:01:36,30,0,1,30
2024-12-27T01:35:19,30,0,1,30
2024-12-27T02:09:05,30,0,1,30
2024-12-27T02:42:49,30,0,1,30
2024-12-27T03:16:40,30,0,1,30
2024-12-27T03:50:30,30,0,1,30
2024-12-28T15:36:03,30,0,1,30
2024-12-28T16:09:54,30,0,1,30
2024-12-28T16:43:32,30,0,1,30
2024-12-28T17:17:13,30,0,1,30
2024-12-28T17:50:52,30,0,1,30
2024-12-28T18:24:33,30,0,1,30
2024-12-28T18:58:23,30,0,1,30
2024-12-28T19:32:02,30,0,1,30
2024-12-28T20:05:42,30,0,1,30
2024-12-28T20:39:21,30,0,1,30
2024-12-28T21:13:03,30,0,1,30
2024-12-28T21:46:53,30,0,1,30
2024-12-28T22:20:32,30,0,1,30
2024-12-28T22:54:11,30,0,1,30
2024-12-28T23:27:53,30,0,1,30
2024-12-29T00:01:34,30,0,1,30
2024-12-29T00:35:30,30,0,1,30
2024-12-29T01:09:15,30,0,1,30
2024-12-29T01:42:58,30,0,1,30
2024-12-29T02:16:45,30,0,1,30
2024-12-29T02:50:30,30,0,1,30
2024-12-29T03:24:17,30,0,1,30
2024-12-29T03:58:08,30,0,1,30
2024-12-29T04:42:58,30,0,1,30
2024-12-29T05:16:43,30,0,1,30
2024-12-29T05:50:29,30,0,1,30
2024-12-29T06:24:17,30,0,1,30
2024-12-29T06:58:02,30,0,1,30
2024-12-29T07:31:45,30,0,1,30
2024-12-29T08:05:28,30,0,1,30
2024-12-29T08:39:13,30,0,1,30
2024-12-29T09:13:00,30,0,1,30
2024-12-29T09:46:59,30,0,1,30
2024-12-29T10:20:51,30,0,1,30
2024-12-29T10:54:36,30,0,1,30
2024-12-29T11:28:20,30,0,1,30
2024-12-29T12:02:01,30,0,1,30
2024-12-29T12:35:53,30,0,1,30
2024-12-29T13:09:32,30,0,1,30
2024-12-29T13:43:11,30,0,1,30
2024-12-29T14:16:51,30,0,1,30
2024-12-29T14:50:41,30,0,1,30
2024-12-29T15:24:23,30,0,1,30
2024-12-29T15:58:05,30,0,1,30
2024-12-29T16:31:44,30,0,1,30
2024-12-29T17:05:41,30,0,1,30
2024-12-29T17:39:20,30,0,1,30
2024-12-29T18:12:59,30,0,1,30
2024-12-29T18:46:38,30,0,1,30
2024-12-29T19:20:18,30,0,1,30
2024-12-29T19:53:57,30,0,1,30
2024-12-29T20:27:47,30,0,1,30
2024-12-29T21:01:27,30,0,1,30
2024-12-29T21:35:09,30,0,1,30
2024-12-29T22:08:58,30,0,1,30
2024-12-29T22:42:45,30,0,1,30
2024-12-29T23:16:37,30,0,1,30
2024-12-29T23:50:18,30,0,1,30
2024-12-30T00:24:03,30,0,1,30
2024-12-30T00:58:00,30,0,1,30
2024-12-30T01:31:51,30,0,1,30
2024-12-30T02:05:46,30,0,1,30
2024-12-30T02:39:36,30,0,1,30
2024-12-30T03:13:18,30,0,1,30
2024-12-30T03:47:01,30,0,1,30
2024-12-30T04:49:52,30,0,1,30
2024-12-30T05:23:40,30,0,1,30
2024-12-30T05:59:24,30,0,1,30
2024-12-30T06:33:09,30,0,1,30
2024-12-30T07:06:54,30,0,1,30
2024-12-30T07:40:34,30,0,1,30
2024-12-30T08:14:13,30,0,1,30
2024-12-30T08:47:54,30,0,1,30
2024-12-30T09:21:43,30,0,1,30
2024-12-30T09:55:21,30,0,1,30
2024-12-30T10:29:01,30,0,1,30
2024-12-30T11:02:39,30,0,1,30
2024-12-30T11:36:28,30,0,1,30
2024-12-30T12:10:08,30,0,1,30
2024-12-30T12:43:47,30,0,1,30
2024-12-30T13:17:26,30,0,1,30
2024-12-30T13:51:13,30,0,1,30
2024-12-30T14:24:52,30,0,1,30
2024-12-30T14:58:30,30,0,1,30
2024-12-30T15:32:09,30,0,1,30
2024-12-30T16:05:59,30,0,1,30
2024-12-30T16:39:38,30,0,1,30
2024-12-30T17:13:18,30,0,1,30
2024-12-30T17:47:06,30,0,1,30
2024-12-30T18:20:44,30,0,1,30
2024-12-30T18:54:23,30,0,1,30
2024-12-30T19:28:13,30,0,1,30
2024-12-30T20:01:51,30,0,1,30
2024-12-30T20:35:30,30,0,1,30
2024-12-30T21:09:08,30,0,1,30
2024-12-30T21:42:49,30,0,1,30
2024-12-30T22:16:38,30,0,1,30
2024-12-30T22:50:18,30,0,1,30
2024-12-30T23:23:57,30,0,1,30
2024-12-30T23:57:38,30,0,1,30
2024-12-31T00:31:25,30,0,1,30
2024-12-31T01:05:20,30,0,1,30
2024-12-31T01:39:04,30,0,1,30
2024-12-31T02:12:48,30,0,1,30
2024-12-31T02:46:38,30,0,1,30
2024-12-31T03:20:20,30,0,1,30
2024-12-31T03:54:02,30,0,1,30
2024-12-31T04:46:18,30,0,1,30
2024-12-31T05:20:03,30,0,1,30
2024-12-31T05:53:51,30,0,1,30
2024-12-31T06:27:35,30,0,1,30
2024-12-31T07:01:20,30,0,1,30
2024-12-31T07:35:04,30,0,1,30
2024-12-31T08:08:42,30,0,1,30
2024-12-31T08:42:26,30,0,1,30
2024-12-31T09:16:17,30,0,1,30
2024-12-31T09:49:57,30,0,1,30
2024-12-31T10:23:37,30,0,1,30
2024-12-31T10:57:16,30,0,1,30
2024-12-31T11:30:59,30,0,1,30
2024-12-31T12:04:42,30,0,1,30
2024-12-31T12:38:32,30,0,1,30
2024-12-31T13:12:14,30,0,1,30
2024-12-31T13:45:58,30,0,1,30
2024-12-31T14:19:39,30,0,1,30
2024-12-31T14:53:22,30,0,1,30
2024-12-31T15:27:12,30,0,1,30
2024-12-31T16:00:55,30,0,1,30
2024-12-31T16:34:37,30,0,1,30
2024-12-31T17:08:19,30,0,1,30
2024-12-31T17:41:59,30,0,1,30
2024-12-31T18:15:50,30,0,1,30
2024-12-31T18:49:30,30,0,1,30
2024-12-31T19:23:12,30,0,1,30
2024-12-31T19:56:51,30,0,1,30
2024-12-31T20:30:32,30,0,1,30
2024-12-31T21:04:23,30,0,1,30
2024-12-31T21:38:10,30,0,1,30
2024-12-31T22:11:52,30,0,1,30
2024-12-31T22:45:32,30,0,1,30
2024-12-31T23:19:13,30,0,1,30
2024-12-31T23:52:53,30,0,1,30
2025-01-01T00:26:49,30,0,1,30
2025-01-01T01:00:35,30,0,1,30
2025-01-01T01:34:18,30,0,1,30
2025-01-01T02:08:07,30,0,1,30
2025-01-01T02:41:55,30,0,1,30
2025-01-01T03:15:39,30,0,1,30
2025-01-01T03:49:22,30,0,1,30
2025-01-01T04:49:52,30,0,1,30
2025-01-01T05:23:36,30,0,1,30
2025-01-01T05:59:05,30,0,1,30
2025-01-01T06:32:51,30,0,1,30
2025-01-01T07:06:42,30,0,1,30
2025-01-01T07:40:21,30,0,1,30
2025-01-01T08:14:01,30,0,1,30
2025-01-01T08:47:48,30,0,1,30
2025-01-01T09:21:28,30,0,1,30
2025-01-01T09:55:08,30,0,1,30
2025-01-01T10:28:53,30,0,1,30
2025-01-01T11:02:32,30,0,1,30
2025-01-01T11:36:13,30,0,1,30
2025-01-01T12:10:00,30,0,1,30
2025-01-01T12:43:38,30,0,1,30
2025-01-01T13:17:17,30,0,1,30
2025-01-01T13:50:55,30,0,1,30
2025-01-01T14:24:35,30,0,1,30
2025-01-01T14:58:24,30,0,1,30
2025-01-01T15:32:03,30,0,1,30
2025-01-01T16:05:42,30,0,1,30
2025-01-01T16:39:31,30,0,1,30
2025-01-01T17:13:09,30,0,1,30
2025-01-01T17:46:48,30,0,1,30
2025-01-01T18:20:29,30,0,1,30
2025-01-01T18:54:16,30,0,1,30
2025-01-01T19:27:54,30,0,1,30
2025-01-01T20:01:33,30,0,1,30
2025-01-01T20:35:14,30,0,1,30
2025-01-01T21:09:04,30,0,1,30
2025-01-01T21:42:44,30,0,1,30
2025-01-01T22:16:25,30,0,1,30
2025-01-01T22:50:03,30,0,1,30
2025-01-01T23:23:52,30,0,1,30
2025-01-01T23:57:32,30,0,1,30
2025-01-02T00:31:16,30,0,1,30
2025-01-02T01:05:01,30,0,1,30
2025-01-02T01:38:44,30,0,1,30
2025-01-02T02:12:40,30,0,1,30
2025-01-02T02:46:24,30,0,1,30
2025-01-02T03:20:06,30,0,1,30
2025-01-02T03:53:48,30,0,1,30
2025-01-02T04:53:17,30,0,1,30
2025-01-02T05:27:03,30,0,1,30
2025-01-02T06:00:49,30,0,1,30
2025-01-02T06:34:32,30,0,1,30
2025-01-02T07:08:13,30,0,1,30
2025-01-02T07:41:52,30,0,1,30
2025-01-02T08:15:39,30,0,1,30
2025-01-02T08:49:18,30,0,1,30
2025-01-02T09:22:57,30,0,1,30
2025-01-02T09:56:36,30,0,1,30
2025-01-02T10:30:28,30,0,1,30
2025-01-02T11:04:08,30,0,1,30
2025-01-02T11:37:58,30,0,1,30
2025-01-02T12:11:36,30,0,1,30
2025-01-02T12:45:16,30,0,1,30
2025-01-02T13:19:05,30,0,1,30
2025-01-02T13:52:43,30,0,1,30
2025-01-02T14:26:21,30,0,1,30
2025-01-02T15:00:11,30,0,1,30
2025-01-02T15:33:51,30,0,1,30
2025-01-02T16:07:41,30,0,1,30
2025-01-02T16:41:21,30,0,1,30
2025-01-02T17:15:11,30,0,1,30
2025-01-02T17:48:50,30,0,1,30
2025-01-02T18:22:28,30,0,1,30
2025-01-02T18:56:17,30,0,1,30
2025-01-02T19:29:57,30,0,1,30
2025-01-02T20:03:37,30,0,1,30
2025-01-02T20:37:25,30,0,1,30
2025-01-02T21:11:04,30,0,1,30
2025-01-02T21:44:45,30,0,1,30
2025-01-02T22:18:37,30,0,1,30
2025-01-02T22:52:16,30,0,1,30
2025-01-02T23:25:56,30,0,1,30
2025-01-02T23:59:46,30,0,1,30
2025-01-03T00:33:30,30,0,1,30
2025-01-03T01:07:15,30,0,1,30
2025-01-03T01:40:57,30,0,1,30
2025-01-03T02:14:45,30,0,1,30
2025-01-03T02:48:28,30,0,1,30
2025-01-03T03:22:21,30,0,1,30
2025-01-03T03:56:03,30,0,1,30
2025-01-03T04:50:29,30,0,1,30
2025-01-03T05:24:13,30,0,1,30
2025-01-03T05:58:00,30,0,1,30
2025-01-03T06:31:56,30,0,1,30
2025-01-03T07:05:43,30,0,1,30
2025-01-03T07:39:28,30,0,1,30
2025-01-03T08:13:18,30,0,1,30
2025-01-03T08:47:01,30,0,1,30
2025-01-03T09:20:43,30,0,1,30
2025-01-03T09:54:24,30,0,1,30
2025-01-03T10:28:19,30,0,1,30
2025-01-03T11:02:02,30,0,1,30
2025-01-03T11:35:57,30,0,1,30
2025-01-03T12:09:51,30,0,1,30
2025-01-03T12:43:43,30,0,1,30
2025-01-03T13:17:25,30,0,1,30
2025-01-03T13:51:16,30,0,1,30
2025-01-03T14:24:59,30,0,1,30
2025-01-03T14:58:49,30,0,1,30
2025-01-03T15:32:40,30,0,1,30
2025-01-03T16:06:21,30,0,1,30
2025-01-03T16:40:12,30,0,1,30
2025-01-03T17:13:54,30,0,1,30
2025-01-03T17:47:35,30,0,1,30
2025-01-03T18:21:27,30,0,1,30
2025-01-03T18:55:10,30,0,1,30
2025-01-03T19:28:51,30,0,1,30
2025-01-03T20:02:42,30,0,1,30
2025-01-03T20:36:24,30,0,1,30
2025-01-03T21:10:23,30,0,1,30
2025-01-03T21:44:08,30,0,1,30
2025-01-03T22:17:50,30,0,1,30
2025-01-03T22:51:43,30,0,1,30
2025-01-03T23:25:26,30,0,1,30
2025-01-03T23:59:07,30,0,1,30
2025-01-04T00:32:57,30,0,1,30
2025-01-04T01:06:53,30,0,1,30
2025-01-04T01:40:40,30,0,1,30
2025-01-04T02:14:32,30,0,1,30
2025-01-04T02:48:14,30,0,1,30
2025-01-04T03:21:56,30,0,1,30
2025-01-04T03:56:20,30,0,1,30
2025-01-04T04:46:22,30,0,1,30
2025-01-04T05:20:08,30,0,1,30
2025-01-04T05:53:54,30,0,1,30
2025-01-04T06:27:39,30,0,1,30
2025-01-04T07:01:24,30,0,1,30
2025-01-04T07:35:19,30,0,1,30
2025-01-04T08:09:03,30,0,1,30
2025-01-04T08:42:48,30,0,1,30
2025-01-04T09:16:30,30,0,1,30
2025-01-04T09:50:20,30,0,1,30
2025-01-04T10:24:01,30,0,1,30
2025-01-04T10:57:41,30,0,1,30
2025-01-04T11:31:22,30,0,1,30
2025-01-04T12:05:11,30,0,1,30
2025-01-04T12:38:51,30,0,1,30
2025-01-04T13:12:42,30,0,1,30
2025-01-04T13:46:24,30,0,1,30
2025-01-04T14:20:15,30,0,1,30
2025-01-04T14:53:56,30,0,1,30
2025-01-04T15:27:45,30,0,1,30
2025-01-04T16:01:26,30,0,1,30
2025-01-04T16:35:07,30,0,1,30
2025-01-04T17:08:57,30,0,1,30
2025-01-04T17:42:38,30,0,1,30
2025-01-04T18:16:28,30,0,1,30
2025-01-04T18:50:09,30,0,1,30
2025-01-04T19:23:50,30,0,1,30
2025-01-04T19:57:40,30,0,1,30
2025-01-04T20:31:21,30,0,1,30
2025-01-04T21:05:01,30,0,1,30
2025-01-04T21:38:54,30,0,1,30
2025-01-04T22:12:35,30,0,1,30
2025-01-04T22:46:25,30,0,1,30
2025-01-04T23:20:07,30,0,1,30
2025-01-04T23:53:48,30,0,1,30
2025-01-05T00:27:43,30,0,1,30
2025-01-05T01:01:28,30,0,1,30
2025-01-05T01:35:13,30,0,1,30
2025-01-05T02:09:00,30,0,1,30
2025-01-05T02:42:46,30,0,1,30
2025-01-05T03:16:32,30,0,1,30
2025-01-05T03:50:26,30,0,1,30
2025-01-05T04:45:24,30,0,1,30
2025-01-05T05:19:10,30,0,1,30
2025-01-05T05:52:56,30,0,1,30
2025-01-05T06:26:42,30,0,1,30
2025-01-05T07:00:27,30,0,1,30
2025-01-05T07:34:13,30,0,1,30
2025-01-05T08:07:59,30,0,1,30
2025-01-05T08:41:43,30,0,1,30
2025-01-05T09:15:36,30,0,1,30
2025-01-05T09:49:21,30,0,1,30
2025-01-05T10:23:06,30,0,1,30
2025-01-05T10:57:00,30,0,1,30
2025-01-05T11:30:48,30,0,1,30
2025-01-05T12:04:42,30,0,1,30
2025-01-05T12:38:23,30,0,1,30
2025-01-05T13:12:14,30,0,1,30
2025-01-05T13:45:55,30,0,1,30
2025-01-05T14:19:44,30,0,1,30
2025-01-05T14:53:34,30,0,1,30
2025-01-05T15:27:14,30,0,1,30
2025-01-05T16:01:03,30,0,1,30
2025-01-05T16:34:54,30,0,1,30
2025-01-05T17:08:35,30,0,1,30
2025-01-05T17:42:26,30,0,1,30
2025-01-05T18:16:18,30,0,1,30
2025-01-05T18:50:12,30,0,1,30
2025-01-05T19:24:03,30,0,1,30
2025-01-05T19:57:45,30,0,1,30
2025-01-05T20:31:37,30,0,1,30
2025-01-05T21:05:30,30,0,1,30
2025-01-05T21:39:28,30,0,1,30
2025-01-05T22:13:21,30,0,1,30
2025-01-05T22:47:13,30,0,1,30
2025-01-05T23:21:05,30,0,1,30
2025-01-05T23:54:58,30,0,1,30
2025-01-06T00:29:07,30,0,1,30
2025-01-06T01:02:56,30,0,1,30
2025-01-06T01:36:55,30,0,1,30
2025-01-06T02:10:40,30,0,1,30
2025-01-06T02:44:24,30,0,1,30
2025-01-06T03:18:19,30,0,1,30
2025-01-06T03:52:03,30,0,1,30
2025-01-06T04:44:09,30,0,1,30
2025-01-06T05:17:53,30,0,1,30
2025-01-06T05:51:36,30,0,1,30
2025-01-06T06:25:17,30,0,1,30
2025-01-06T06:59:12,30,0,1,30
2025-01-06T07:32:58,30,0,1,30
2025-01-06T08:06:43,30,0,1,30
2025-01-06T08:40:51,30,0,1,30
2025-01-06T09:14:45,30,0,1,30
2025-01-06T09:48:41,30,0,1,30
2025-01-06T10:22:49,30,0,1,30
2025-01-06T10:56:57,30,0,1,30
2025-01-06T11:31:06,30,0,1,30
2025-01-06T12:05:10,30,0,1,30
2025-01-06T13:16:41,30,0,1,30
2025-01-06T13:50:44,30,0,1,30
2025-01-06T14:24:44,30,0,1,30
2025-01-06T14:58:48,30,0,1,30
2025-01-06T15:32:59,30,0,1,30
2025-01-06T16:06:53,30,0,1,30
2025-01-06T16:40:48,30,0,1,30
2025-01-06T17:14:41,30,0,1,30
2025-01-06T17:48:46,30,0,1,30
2025-01-06T18:22:40,30,0,1,30
2025-01-06T18:56:23,30,0,1,30
2025-01-06T19:30:15,30,0,1,30
2025-01-06T20:04:06,30,0,1,30
2025-01-06T20:37:58,30,0,1,30
2025-01-06T21:11:52,30,0,1,30
2025-01-06T21:45:39,30,0,1,30
2025-01-06T22:19:36,30,0,1,30
2025-01-06T22:53:32,30,0,1,30
2025-01-06T23:27:16,30,0,1,30
2025-01-07T00:01:13,30,0,1,30
2025-01-07T00:35:05,30,0,1,30
2025-01-07T01:09:15,30,0,1,30
2025-01-07T01:43:05,30,0,1,30
2025-01-07T02:17:12,30,0,1,30
2025-01-07T02:50:59,30,0,1,30
2025-01-07T03:24:46,30,0,1,30
2025-01-07T03:58:33,30,0,1,30
2025-01-07T04:49:14,30,0,1,30
2025-01-07T05:23:05,30,0,1,30
2025-01-07T05:57:00,30,0,1,30
2025-01-07T06:30:51,30,0,1,30
2025-01-07T07:04:42,30,0,1,30
2025-01-07T07:38:39,30,0,1,30
2025-01-07T08:12:26,30,0,1,30
2025-01-07T08:46:25,30,0,1,30
2025-01-07T09:20:21,30,0,1,30
2025-01-07T09:54:19,30,0,1,30
2025-01-07T10:28:20,30,0,1,30
2025-01-07T11:02:32,30,0,1,30
2025-01-07T11:36:51,30,0,1,30
2025-01-07T12:10:53,30,0,1,30
2025-01-07T12:45:05,30,0,1,30
2025-01-07T13:19:06,30,0,1,30
2025-01-07T13:53:21,30,0,1,30
2025-01-07T14:27:23,30,0,1,30
2025-01-07T15:01:36,30,0,1,30
2025-01-07T15:35:33,30,0,1,30
2025-01-07T16:09:42,30,0,1,30
2025-01-07T16:43:40,30,0,1,30
2025-01-07T17:17:39,30,0,1,30
2025-01-07T17:51:40,30,0,1,30
2025-01-07T18:25:38,30,0,1,30
2025-01-07T18:59:36,30,0,1,30
2025-01-07T19:33:32,30,0,1,30
2025-01-07T20:07:28,30,0,1,30
2025-01-07T20:41:14,30,0,1,30
2025-01-07T21:15:12,30,0,1,30
2025-01-07T21:49:08,30,0,1,30
2025-01-07T22:22:54,30,0,1,30
2025-01-07T22:56:52,30,0,1,30
2025-01-07T23:30:50,30,0,1,30
2025-01-08T00:04:37,30,0,1,30
2025-01-08T00:39:06,30,0,1,30
2025-01-08T01:12:56,30,0,1,30
2025-01-08T01:46:46,30,0,1,30
2025-01-08T02:20:50,30,0,1,30
2025-01-08T02:54:41,30,0,1,30
2025-01-08T03:28:32,30,0,1,30
2025-01-08T04:02:23,30,0,1,30
2025-01-08T04:46:43,30,0,1,30
2025-01-08T05:20:35,30,0,1,30
2025-01-08T05:54:27,30,0,1,30
2025-01-08T06:28:22,30,0,1,30
2025-01-08T07:02:14,30,0,1,30
2025-01-08T07:36:12,30,0,1,30
2025-01-08T08:09:58,30,0,1,30
2025-01-08T08:43:45,30,0,1,30
2025-01-08T09:17:43,30,0,1,30
2025-01-08T09:51:40,30,0,1,30
2025-01-08T10:25:37,30,0,1,30
2025-01-08T10:59:33,30,0,1,30
2025-01-08T11:33:37,30,0,1,30
2025-01-08T12:07:36,30,0,1,30
2025-01-08T12:41:35,30,0,1,30
2025-01-08T13:15:33,30,0,1,30
2025-01-08T13:49:33,30,0,1,30
2025-01-08T14:23:36,30,0,1,30
2025-01-08T14:57:35,30,0,1,30
2025-01-08T15:31:35,30,0,1,30
2025-01-08T16:05:35,30,0,1,30
2025-01-08T16:39:34,30,0,1,30
2025-01-08T17:13:33,30,0,1,30
2025-01-08T17:47:24,30,0,1,30
2025-01-08T18:21:22,30,0,1,30
2025-01-08T18:55:21,30,0,1,30
2025-01-08T19:29:09,30,0,1,30
2025-01-08T20:03:08,30,0,1,30
2025-01-08T20:36:56,30,0,1,30
2025-01-08T21:10:54,30,0,1,30
2025-01-08T21:44:46,30,0,1,30
2025-01-08T22:18:47,30,0,1,30
2025-01-08T22:52:37,30,0,1,30
2025-01-08T23:26:38,30,0,1,30
2025-01-09T00:00:27,30,0,1,30
2025-01-09T00:34:26,30,0,1,30
2025-01-09T01:08:32,30,0,1,30
2025-01-09T01:42:28,30,0,1,30
2025-01-09T02:16:22,30,0,1,30
2025-01-09T02:50:13,30,0,1,30
2025-01-09T03:24:03,30,0,1,30
2025-01-09T03:58:03,30,0,1,30
2025-01-09T04:52:03,30,0,1,30
2025-01-09T05:25:55,29,1,1,30
2025-01-09T06:00:05,29,1,1,30
2025-01-09T06:34:16,29,1,1,30
2025-01-09T07:08:13,29,1,1,30
2025-01-09T07:42:07,29,1,1,30
2025-01-09T08:16:01,29,1,1,30
2025-01-09T08:50:04,29,1,1,30
2025-01-09T09:23:57,29,1,1,30
2025-01-09T09:57:55,29,1,1,30
2025-01-09T10:31:46,29,1,1,30
2025-01-09T11:05:50,29,1,1,30
2025-01-09T11:39:53,29,1,1,30
2025-01-09T12:13:53,29,1,1,30
2025-01-09T12:47:55,29,1,1,30
2025-01-09T13:21:55,29,1,1,30
2025-01-09T13:55:44,29,1,1,30
2025-01-09T14:29:47,29,1,1,30
2025-01-09T15:03:49,29,1,1,30
2025-01-09T15:37:50,29,1,1,30
2025-01-09T16:11:50,29,1,1,30
2025-01-09T16:45:41,29,1,1,30
2025-01-09T17:19:41,29,1,1,30
2025-01-09T17:53:40,29,1,1,30
2025-01-09T18:27:30,29,1,1,30
2025-01-09T19:01:30,29,1,1,30
2025-01-09T19:35:21,29,1,1,30
2025-01-09T20:09:21,29,1,1,30
2025-01-09T20:43:11,29,1,1,30
2025-01-09T21:17:10,29,1,1,30
2025-01-09T21:51:01,29,1,1,30
2025-01-09T22:24:51,29,1,1,30
2025-01-09T22:58:49,29,1,1,30
2025-01-09T23:32:41,29,1,1,30
2025-01-10T00:06:32,29,1,1,30
2025-01-10T00:40:41,29,1,1,30
2025-01-10T01:14:38,29,1,1,30
2025-01-10T01:48:34,29,1,1,30
2025-01-10T02:22:36,29,1,1,30
2025-01-10T02:56:31,29,1,1,30
2025-01-10T03:30:30,29,1,1,30
2025-01-10T04:04:25,29,1,1,30
2025-01-10T04:48:54,29,1,1,30
2025-01-10T05:22:52,29,1,1,30
2025-01-10T05:56:49,29,1,1,30
2025-01-10T06:30:45,29,1,1,30
2025-01-10T07:04:42,29,1,1,30
2025-01-10T07:38:34,29,1,1,30
2025-01-10T08:12:34,29,1,1,30
2025-01-10T08:46:24,29,1,1,30
2025-01-10T09:20:15,29,1,1,30
2025-01-10T09:54:17,29,1,1,30
2025-01-10T10:28:06,29,1,1,30
2025-01-10T11:02:06,29,1,1,30
2025-01-10T11:36:05,29,1,1,30
2025-01-10T12:09:56,29,1,1,30
2025-01-10T12:43:56,29,1,1,30
2025-01-10T13:17:45,29,1,1,30
2025-01-10T13:51:44,29,1,1,30
2025-01-10T14:25:46,29,1,1,30
2025-01-10T14:59:38,29,1,1,30
2025-01-10T15:33:39,29,1,1,30
2025-01-10T16:07:43,29,1,1,30
2025-01-10T16:41:34,29,1,1,30
2025-01-10T17:15:38,29,1,1,30
2025-01-10T17:49:28,29,1,1,30
2025-01-10T18:23:19,29,1,1,30
2025-01-10T18:57:20,29,1,1,30
2025-01-10T19:31:11,29,1,1,30
2025-01-10T20:05:02,29,1,1,30
2025-01-10T20:39:03,29,1,1,30
2025-01-10T21:12:54,29,1,1,30
2025-01-10T21:46:46,29,1,1,30
2025-01-10T22:20:48,29,1,1,30
2025-01-10T22:54:39,30,0,0,30
2025-01-10T23:28:32,30,0,0,30
2025-01-11T00:02:24,30,0,0,30
2025-01-11T00:36:36,30,0,0,30
2025-01-11T01:10:36,30,0,0,30
2025-01-11T01:44:30,30,0,0,30
2025-01-11T02:18:23,30,0,0,30
2025-01-11T02:52:15,30,0,0,30
2025-01-11T03:26:11,30,0,0,30
2025-01-11T04:00:05,30,0,0,30
2025-01-11T04:44:24,30,0,0,30
2025-01-11T05:18:41,30,0,0,30
2025-01-11T05:52:37,30,0,0,30
2025-01-11T06:26:34,30,0,0,30
2025-01-11T07:00:30,30,0,0,30
2025-01-11T07:34:27,30,0,0,30
2025-01-11T08:08:37,30,0,0,30
2025-01-11T08:42:34,30,0,0,30
2025-01-11T09:16:28,30,0,0,30
2025-01-11T09:50:21,30,0,0,30
2025-01-11T10:24:12,30,0,0,30
2025-01-11T10:58:02,30,0,0,30
2025-01-11T11:32:02,30,0,0,30
2025-01-11T12:05:53,29,1,0,30
2025-01-11T12:40:00,29,1,0,30
2025-01-11T13:13:52,29,1,0,30
2025-01-11T13:47:43,29,1,0,30
2025-01-11T14:21:34,29,1,0,30
2025-01-11T14:55:34,29,1,0,30
2025-01-11T15:29:25,29,1,0,30
2025-01-11T16:03:17,29,1,0,30
2025-01-11T16:37:10,30,0,0,30
2025-01-11T17:11:20,29,1,0,30
2025-01-11T17:45:11,29,1,0,30
2025-01-11T18:19:04,29,1,0,30
2025-01-11T18:52:55,29,1,0,30
2025-01-11T19:26:47,29,1,0,30
2025-01-11T20:00:54,29,1,0,30
2025-01-11T20:34:45,29,1,0,30
2025-01-11T21:08:36,29,1,0,30
2025-01-11T21:42:29,29,1,0,30
2025-01-11T22:16:32,29,1,0,30
2025-01-11T22:50:24,29,1,0,30
2025-01-11T23:24:17,29,1,0,30
2025-01-11T23:58:07,29,1,0,30
2025-01-12T00:32:13,29,1,0,30
2025-01-12T01:06:07,29,1,0,30
2025-01-12T01:40:00,29,1,0,30
2025-01-12T02:13:57,29,1,0,30
2025-01-12T02:47:49,29,1,0,30
2025-01-12T03:21:42,29,1,0,30
2025-01-12T03:55:37,29,1,0,30
2025-01-12T04:47:40,29,1,0,30
2025-01-12T05:22:16,29,1,0,30
2025-01-12T05:56:14,29,1,0,30
2025-01-12T06:30:12,29,1,0,30
2025-01-12T07:04:09,29,1,0,30
2025-01-12T07:38:08,29,1,0,30
2025-01-12T08:12:05,29,1,0,30
2025-01-12T08:46:23,29,1,0,30
2025-01-12T09:20:20,29,1,0,30
2025-01-12T09:54:21,29,1,0,30
2025-01-12T10:28:19,29,1,0,30
2025-01-12T11:02:12,29,1,0,30
2025-01-12T11:36:19,29,1,0,30
2025-01-12T12:10:11,29,1,0,30
2025-01-12T12:44:03,29,1,0,30
2025-01-12T13:17:56,29,1,0,30
2025-01-12T13:51:56,29,1,0,30
2025-01-12T14:25:49,29,1,0,30
2025-01-12T15:00:10,29,1,0,30
2025-01-12T15:34:11,29,1,0,30
2025-01-12T16:08:03,29,1,0,30
2025-01-12T16:41:54,29,1,0,30
2025-01-12T17:15:57,29,1,0,30
2025-01-12T17:49:48,29,1,0,30
2025-01-12T18:23:48,29,1,0,30
2025-01-12T18:58:19,29,1,0,30
2025-01-12T19:32:22,29,1,0,30
2025-01-12T20:06:13,29,1,0,30
2025-01-12T20:40:23,29,1,0,30
2025-01-12T21:14:15,29,1,0,30
2025-01-12T21:48:21,29,1,0,30
2025-01-12T22:22:13,29,1,0,30
2025-01-12T22:56:22,29,1,0,30
2025-01-12T23:30:20,29,1,0,30
2025-01-13T00:04:12,29,1,0,30
2025-01-13T00:38:22,29,1,0,30
2025-01-13T01:12:26,29,1,0,30
2025-01-13T01:46:23,29,1,0,30
2025-01-13T02:20:28,29,1,0,30
2025-01-13T02:54:43,29,1,0,30
2025-01-13T03:28:38,29,1,0,30
2025-01-13T04:02:34,29,1,0,30
2025-01-13T04:52:05,29,1,0,30
2025-01-13T05:26:03,29,1,0,30
2025-01-13T06:00:02,29,1,0,30
2025-01-13T06:34:24,29,1,0,30
2025-01-13T07:08:19,29,1,0,30
2025-01-13T07:42:12,29,1,0,30
2025-01-13T08:16:07,29,1,0,30
2025-01-13T08:50:06,29,1,0,30
2025-01-13T09:24:08,29,1,0,30
2025-01-13T09:58:11,29,1,0,30
2025-01-13T10:32:14,29,1,0,30
2025-01-13T11:06:18,30,0,0,30
2025-01-13T11:40:23,30,0,0,30
2025-01-13T12:14:26,30,0,0,30
2025-01-13T12:48:18,30,0,0,30
2025-01-13T13:22:20,30,0,0,30
2025-01-13T13:56:25,30,0,0,30
2025-01-13T14:30:29,30,0,0,30
2025-01-13T15:04:31,30,0,0,30
2025-01-13T15:38:34,30,0,0,30
2025-01-13T16:12:25,30,0,0,30
2025-01-13T16:46:27,30,0,0,30
2025-01-13T17:20:29,30,0,0,30
2025-01-13T17:54:20,30,0,0,30
2025-01-13T18:28:21,30,0,0,30
2025-01-13T19:02:12,30,0,0,30
2025-01-13T19:36:02,30,0,0,30
2025-01-13T20:10:02,30,0,0,30
2025-01-13T20:43:53,30,0,0,30
2025-01-13T21:17:56,30,0,0,30
2025-01-13T21:51:49,30,0,0,30
2025-01-13T22:25:40,30,0,0,30
2025-01-13T22:59:41,30,0,0,30
2025-01-13T23:33:35,30,0,0,30
2025-01-14T00:07:26,30,0,0,30
2025-01-14T00:41:35,30,0,0,30
2025-01-14T01:15:33,30,0,0,30
2025-01-14T01:49:31,30,0,0,30
2025-01-14T02:23:39,30,0,0,30
2025-01-14T02:57:31,30,0,0,30
2025-01-14T03:31:25,30,0,0,30
2025-01-14T04:05:27,30,0,0,30
2025-01-14T04:47:40,30,0,0,30
2025-01-14T05:21:41,30,0,0,30
2025-01-14T05:55:38,30,0,0,30
2025-01-14T06:29:35,30,0,0,30
2025-01-14T07:03:34,30,0,0,30
2025-01-14T07:37:30,30,0,0,30
2025-01-14T08:11:25,30,0,0,30
2025-01-14T08:45:27,30,0,0,30
2025-01-14T09:19:18,30,0,0,30
2025-01-14T09:53:10,30,0,0,30
2025-01-14T10:27:09,30,0,0,30
2025-01-14T11:01:02,30,0,0,30
2025-01-14T11:35:06,30,0,0,30
2025-01-14T12:09:08,30,0,0,30
2025-01-14T12:43:02,30,0,0,30
2025-01-14T13:17:03,30,0,0,30
2025-01-14T13:51:05,30,0,0,30
2025-01-14T14:24:58,30,0,0,30
2025-01-14T14:59:00,30,0,0,30
2025-01-14T15:33:03,30,0,0,30
2025-01-14T16:06:55,30,0,0,30
2025-01-14T16:40:59,30,0,0,30
2025-01-14T17:14:52,30,0,0,30
2025-01-14T17:48:53,30,0,0,30
2025-01-14T18:22:57,30,0,0,30
2025-01-14T18:56:48,30,0,0,30
2025-01-14T19:30:41,30,0,0,30
2025-01-14T20:04:42,30,0,0,30
2025-01-14T20:38:33,30,0,0,30
2025-01-14T21:12:24,30,0,0,30
2025-01-14T21:46:27,30,0,0,30
2025-01-14T22:20:19,30,0,0,30
2025-01-14T22:54:12,30,0,0,30
2025-01-14T23:28:13,30,0,0,30
2025-01-15T00:02:05,30,0,0,30
2025-01-15T00:36:02,30,0,0,30
2025-01-15T01:10:13,30,0,0,30
2025-01-15T01:44:11,30,0,0,30
2025-01-15T02:18:28,30,0,0,30
2025-01-15T02:52:25,30,0,0,30
2025-01-15T03:26:32,30,0,0,30
2025-01-15T04:00:28,30,0,0,30
2025-01-15T04:54:07,30,0,0,30
2025-01-15T05:28:07,30,0,0,30
2025-01-15T06:02:05,30,0,0,30
2025-01-15T06:36:22,30,0,0,30
2025-01-15T07:10:20,30,0,0,30
2025-01-15T07:44:14,30,0,0,30
2025-01-15T08:18:09,30,0,0,30
2025-01-15T08:52:21,30,0,0,30
2025-01-15T09:26:23,30,0,0,30
2025-01-15T10:00:16,30,0,0,30
2025-01-15T10:34:16,30,0,0,30
2025-01-15T11:08:09,30,0,0,30
2025-01-15T11:42:25,30,0,0,30
2025-01-15T12:16:36,30,0,0,30
2025-01-15T12:50:38,30,0,0,30
2025-01-15T13:24:52,30,0,0,30
2025-01-15T13:58:45,30,0,0,30
2025-01-15T14:32:53,30,0,0,30
2025-01-15T15:06:53,30,0,0,30
2025-01-15T15:40:46,30,0,0,30
2025-01-15T16:15:00,30,0,0,30
2025-01-15T16:48:53,30,0,0,30
2025-01-15T17:23:11,30,0,0,30
2025-01-15T17:57:03,30,0,0,30
2025-01-15T18:31:05,30,0,0,30
2025-01-15T19:04:58,30,0,0,30
2025-01-15T19:38:51,30,0,0,30
2025-01-15T20:12:53,30,0,0,30
2025-01-15T20:46:46,30,0,0,30
2025-01-15T21:20:49,30,0,0,30
2025-01-15T21:54:42,30,0,0,30
2025-01-15T22:28:37,30,0,0,30
2025-01-15T23:02:40,30,0,0,30
2025-01-15T23:36:35,30,0,0,30
2025-01-16T00:11:07,30,0,0,30
2025-01-16T00:45:17,30,0,0,30
2025-01-16T01:19:16,30,0,0,30
2025-01-16T01:53:22,30,0,0,30
2025-01-16T02:27:18,30,0,0,30
2025-01-16T03:01:31,30,0,0,30
2025-01-16T03:35:27,30,0,0,30
2025-01-16T04:09:25,30,0,0,30
2025-01-16T04:52:25,30,0,0,30
2025-01-16T05:26:23,30,0,0,30
2025-01-16T06:00:23,30,0,0,30
2025-01-16T06:34:22,30,0,0,30
2025-01-16T07:08:24,30,0,0,30
2025-01-16T07:42:21,30,0,0,30
2025-01-16T08:16:17,30,0,0,30
2025-01-16T08:50:20,30,0,0,30
2025-01-16T09:24:12,30,0,0,30
2025-01-16T09:58:06,30,0,0,30
2025-01-16T10:32:08,30,0,0,30
2025-01-16T11:06:03,30,0,0,30
2025-01-16T11:40:07,30,0,0,30
2025-01-16T12:14:00,30,0,0,30
2025-01-16T12:48:04,30,0,0,30
2025-01-16T13:21:58,30,0,0,30
2025-01-16T13:56:05,30,0,0,30
2025-01-16T14:30:01,30,0,0,30
2025-01-16T15:04:07,30,0,0,30
2025-01-16T15:38:04,30,0,0,30
2025-01-16T16:12:08,30,0,0,30
2025-01-16T16:46:03,30,0,0,30
2025-01-16T17:20:08,30,0,0,30
2025-01-16T17:54:03,30,0,0,30
2025-01-16T18:28:07,30,0,0,30
2025-01-16T19:02:02,30,0,0,30
2025-01-16T19:35:57,30,0,0,30
2025-01-16T20:10:01,30,0,0,30
2025-01-16T20:44:00,30,0,0,30
2025-01-16T21:18:07,30,0,0,30
2025-01-16T21:52:05,30,0,0,30
2025-01-16T22:26:02,30,0,0,30
2025-01-16T23:00:07,30,0,0,30
2025-01-16T23:34:03,30,0,0,30
2025-01-17T00:08:00,30,0,0,30
2025-01-17T00:42:12,30,0,0,30
2025-01-17T01:16:15,30,0,0,30
2025-01-17T01:50:19,30,0,0,30
2025-01-17T02:24:21,30,0,0,30
2025-01-17T02:58:22,30,0,0,30
2025-01-17T03:32:23,30,0,0,30
2025-01-17T04:06:24,30,0,0,30
2025-01-17T04:45:07,30,0,0,30
2025-01-17T05:19:07,30,0,0,30
2025-01-17T05:53:10,30,0,0,30
2025-01-17T06:27:11,30,0,0,30
2025-01-17T07:01:08,30,0,0,30
2025-01-17T07:35:15,30,0,0,30
2025-01-17T08:09:11,30,0,0,30
2025-01-17T08:43:09,30,0,0,30
2025-01-17T09:17:05,30,0,0,30
2025-01-17T09:51:11,30,0,0,30
2025-01-17T10:25:08,30,0,0,30
2025-01-17T10:59:15,30,0,0,30
2025-01-17T11:33:30,30,0,0,30
2025-01-17T12:07:27,30,0,0,30
2025-01-17T12:41:23,30,0,0,30
2025-01-17T13:15:30,30,0,0,30
2025-01-17T13:49:25,30,0,0,30
2025-01-17T14:23:38,30,0,0,30
2025-01-17T14:57:35,30,0,0,30
2025-01-17T15:31:43,30,0,0,30
2025-01-17T16:05:40,30,0,0,30
2025-01-17T16:39:53,30,0,0,30
2025-01-17T17:13:52,30,0,0,30
2025-01-17T17:47:48,30,0,0,30
2025-01-17T18:21:45,30,0,0,30
2025-01-17T18:55:51,30,0,0,30
2025-01-17T19:29:50,30,0,0,30
2025-01-17T20:03:47,30,0,0,30
2025-01-17T20:37:44,30,0,0,30
2025-01-17T21:11:59,30,0,0,30
2025-01-17T21:45:58,30,0,0,30
2025-01-17T22:19:57,30,0,0,30
2025-01-17T22:53:53,30,0,0,30
2025-01-17T23:28:00,30,0,0,30
2025-01-18T00:01:58,30,0,0,30
2025-01-18T00:36:02,30,0,0,30
2025-01-18T01:10:05,30,0,0,30
2025-01-18T01:44:16,30,0,0,30
2025-01-18T02:18:15,30,0,0,30
2025-01-18T02:52:12,30,0,0,30
2025-01-18T03:26:10,30,0,0,30
2025-01-18T04:00:11,30,0,0,30
2025-01-18T19:36:50,30,0,0,30
2025-01-18T20:10:48,30,0,0,30
2025-01-18T20:44:44,30,0,0,30
2025-01-18T21:18:51,30,0,0,30
2025-01-18T21:52:50,30,0,0,30
2025-01-18T22:26:49,30,0,0,30
2025-01-18T23:00:46,30,0,0,30
2025-01-18T23:34:46,30,0,0,30
2025-01-19T00:08:44,30,0,0,30
2025-01-19T01:13:08,30,0,0,30
2025-01-19T01:47:12,30,0,0,30
2025-01-19T02:21:27,30,0,0,30
2025-01-19T02:55:29,30,0,0,30
2025-01-19T03:29:33,30,0,0,30
2025-01-19T04:03:35,30,0,0,30
2025-01-19T04:52:48,30,0,0,30
2025-01-19T05:26:51,30,0,0,30
2025-01-19T06:00:55,30,0,0,30
2025-01-19T06:34:58,30,0,0,30
2025-01-19T07:09:00,30,0,0,30
2025-01-19T07:43:05,30,0,0,30
2025-01-19T08:17:13,30,0,0,30
2025-01-19T08:51:17,30,0,0,30
2025-01-19T09:25:22,30,0,0,30
2025-01-19T09:59:20,30,0,0,30
2025-01-19T10:33:21,30,0,0,30
2025-01-19T11:07:21,30,0,0,30
2025-01-19T11:41:27,30,0,0,30
2025-01-19T12:15:23,30,0,0,30
2025-01-19T12:49:20,30,0,0,30
2025-01-19T13:23:18,30,0,0,30
2025-01-19T13:57:15,30,0,0,30
2025-01-19T14:31:24,30,0,0,30
2025-01-19T15:05:22,30,0,0,30
2025-01-19T15:39:19,30,0,0,30
2025-01-19T16:13:15,30,0,0,30
2025-01-19T16:47:13,30,0,0,30
2025-01-19T17:21:11,30,0,0,30
2025-01-19T17:55:16,30,0,0,30
2025-01-19T18:29:13,30,0,0,30
2025-01-19T19:03:15,30,0,0,30
2025-01-19T19:37:16,30,0,0,30
2025-01-19T20:11:16,30,0,0,30
2025-01-19T20:45:22,30,0,0,30
2025-01-19T21:19:19,30,0,0,30
2025-01-19T21:53:20,30,0,0,30
2025-01-19T22:27:18,30,0,0,30
2025-01-19T23:01:17,30,0,0,30
2025-01-19T23:35:26,30,0,0,30
2025-01-20T00:09:25,30,0,0,30
2025-01-20T00:43:32,30,0,0,30
2025-01-20T01:17:42,30,0,0,30
2025-01-20T01:51:46,30,0,0,30
2025-01-20T02:26:52,30,0,0,30
2025-01-20T03:00:53,30,0,0,30
2025-01-20T03:34:55,30,0,0,30
2025-01-20T04:08:58,30,0,0,30
2025-01-20T04:53:50,30,0,0,30
2025-01-20T05:27:54,30,0,0,30
2025-01-20T06:01:58,30,0,0,30
2025-01-20T06:36:01,30,0,0,30
2025-01-20T07:10:04,30,0,0,30
2025-01-20T07:44:04,30,0,0,30
2025-01-20T08:18:05,30,0,0,30
2025-01-20T08:52:03,30,0,0,30
2025-01-20T09:26:01,30,0,0,30
2025-01-20T10:00:14,30,0,0,30
2025-01-20T10:34:13,30,0,0,30
2025-01-20T11:08:12,30,0,0,30
2025-01-20T11:42:10,30,0,0,30
2025-01-20T12:16:20,30,0,0,30
2025-01-20T12:50:19,30,0,0,30
2025-01-20T13:24:16,30,0,0,30
2025-01-20T13:58:15,30,0,0,30
2025-01-20T14:32:15,30,0,0,30
2025-01-20T15:06:26,30,0,0,30
2025-01-20T15:40:22,30,0,0,30
2025-01-20T16:14:19,30,0,0,30
2025-01-20T16:48:15,30,0,0,30
2025-01-20T17:22:29,30,0,0,30
2025-01-20T17:56:26,30,0,0,30
2025-01-20T18:30:23,30,0,0,30
2025-01-20T19:04:20,30,0,0,30
2025-01-20T19:38:17,30,0,0,30
2025-01-20T20:12:24,30,0,0,30
2025-01-20T20:46:21,30,0,0,30
2025-01-20T21:20:18,30,0,0,30
2025-01-20T21:54:16,30,0,0,30
2025-01-20T22:28:15,30,0,0,30
2025-01-20T23:02:29,30,0,0,30
2025-01-20T23:36:28,30,0,0,30
2025-01-21T00:10:27,30,0,0,30
2025-01-21T00:44:32,30,0,0,30
2025-01-21T01:18:35,30,0,0,30
2025-01-21T01:52:48,30,0,0,30
2025-01-21T02:27:00,30,0,0,30
2025-01-21T03:01:01,30,0,0,30
2025-01-21T03:35:01,30,0,0,30
2025-01-21T04:44:35,30,0,0,30
2025-01-21T05:18:38,30,0,0,30
2025-01-21T05:52:42,30,0,0,30
2025-01-21T06:26:47,30,0,0,30
2025-01-21T07:00:47,30,0,0,30
2025-01-21T07:34:46,30,0,0,30
2025-01-21T08:08:44,30,0,0,30
2025-01-21T08:42:51,30,0,0,30
2025-01-21T09:16:49,30,0,0,30
2025-01-21T09:50:48,30,0,0,30
2025-01-21T10:24:46,30,0,0,30
2025-01-21T10:58:52,30,0,0,30
2025-01-21T11:33:04,30,0,0,30
2025-01-21T12:07:02,30,0,0,30
2025-01-21T12:41:00,30,0,0,30
2025-01-21T13:15:06,30,0,0,30
2025-01-21T13:49:03,30,0,0,30
2025-01-21T14:23:03,30,0,0,30
2025-01-21T14:57:11,30,0,0,30
2025-01-21T15:31:08,30,0,0,30
2025-01-21T16:05:14,30,0,0,30
2025-01-21T16:39:12,30,0,0,30
2025-01-21T17:13:10,30,0,0,30
2025-01-21T17:47:17,30,0,0,30
2025-01-21T18:21:29,30,0,0,30
2025-01-21T18:55:33,30,0,0,30
2025-01-21T19:29:37,30,0,0,30
2025-01-21T20:03:34,30,0,0,30
2025-01-21T20:37:41,30,0,0,30
2025-01-21T21:11:37,30,0,0,30
2025-01-21T21:45:38,30,0,0,30
2025-01-21T22:19:38,30,0,0,30
2025-01-21T22:53:45,30,0,0,30
2025-01-21T23:27:44,30,0,0,30
2025-01-22T00:01:41,30,0,0,30
2025-01-22T00:35:48,30,0,0,30
2025-01-22T01:09:54,30,0,0,30
2025-01-22T01:43:58,30,0,0,30
2025-01-22T02:18:16,30,0,0,30
2025-01-22T02:52:29,30,0,0,30
2025-01-22T03:26:32,30,0,0,30
2025-01-22T04:00:34,30,0,0,30
2025-01-22T04:51:58,30,0,0,30
2025-01-22T05:26:16,30,0,0,30
2025-01-22T06:00:19,30,0,0,30
2025-01-22T06:34:22,30,0,0,30
2025-01-22T07:08:23,30,0,0,30
2025-01-22T07:42:22,30,0,0,30
2025-01-22T08:16:20,30,0,0,30
2025-01-22T08:50:24,30,0,0,30
2025-01-22T09:24:22,30,0,0,30
2025-01-22T09:58:19,30,0,0,30
2025-01-22T10:32:16,30,0,0,30
2025-01-22T11:06:22,30,0,0,30
2025-01-22T11:40:22,30,0,0,30
2025-01-22T12:14:31,30,0,0,30
2025-01-22T12:48:28,30,0,0,30
2025-01-22T13:22:25,30,0,0,30
2025-01-22T13:56:30,30,0,0,30
2025-01-22T14:30:28,30,0,0,30
2025-01-22T15:04:26,30,0,0,30
2025-01-22T15:38:31,30,0,0,30
2025-01-22T16:12:28,30,0,0,30
2025-01-22T16:46:26,30,0,0,30
2025-01-22T17:20:32,30,0,0,30
2025-01-22T17:54:29,30,0,0,30
2025-01-22T18:28:28,30,0,0,30
2025-01-22T19:02:34,30,0,0,30
2025-01-22T19:36:33,30,0,0,30
2025-01-22T20:10:31,30,0,0,30
2025-01-22T20:44:29,30,0,0,30
2025-01-22T21:18:28,30,0,0,30
2025-01-22T21:52:33,30,0,0,30
2025-01-22T22:26:32,30,0,0,30
2025-01-22T23:00:29,30,0,0,30
2025-01-22T23:34:30,30,0,0,30
2025-01-23T00:08:28,30,0,0,30
2025-01-23T00:42:34,30,0,0,30
2025-01-23T01:16:47,30,0,0,30
2025-01-23T01:50:53,30,0,0,30
2025-01-23T02:24:57,30,0,0,30
2025-01-23T02:58:55,30,0,0,30
2025-01-23T03:33:00,30,0,0,30
2025-01-23T04:40:43,30,0,0,30
2025-01-23T05:15:44,30,0,0,30
2025-01-23T05:49:50,30,0,0,30
2025-01-23T06:23:54,30,0,0,30
2025-01-23T06:57:57,30,0,0,30
2025-01-23T07:32:01,30,0,0,30
2025-01-23T08:06:01,30,0,0,30
2025-01-23T08:40:01,30,0,0,30
2025-01-23T09:14:01,30,0,0,30
2025-01-23T09:48:06,30,0,0,30
2025-01-23T10:22:05,30,0,0,30
2025-01-23T10:56:03,30,0,0,30
2025-01-23T11:30:02,30,0,0,30
2025-01-23T12:04:08,30,0,0,30
2025-01-23T12:38:06,30,0,0,30
2025-01-23T13:12:05,30,0,0,30
2025-01-23T13:46:12,30,0,0,30
2025-01-23T14:20:11,30,0,0,30
2025-01-23T14:54:19,30,0,0,30
2025-01-23T15:28:19,30,0,0,30
2025-01-23T16:02:21,30,0,0,30
2025-01-23T16:36:20,30,0,0,30
2025-01-23T17:10:26,30,0,0,30
2025-01-23T17:44:25,30,0,0,30
2025-01-23T18:18:23,30,0,0,30
2025-01-23T18:52:22,30,0,0,30
2025-01-23T19:26:32,30,0,0,30
2025-01-23T20:00:30,30,0,0,30
2025-01-23T20:34:27,30,0,0,30
2025-01-23T21:08:24,30,0,0,30
2025-01-23T21:42:25,30,0,0,30
2025-01-23T22:16:32,30,0,0,30
2025-01-23T22:50:29,30,0,0,30
2025-01-23T23:24:29,30,0,0,30
2025-01-23T23:58:26,30,0,0,30
2025-01-24T00:32:30,30,0,0,30
2025-01-24T01:06:35,30,0,0,30
2025-01-24T01:40:47,30,0,0,30
2025-01-24T02:14:59,30,0,0,30
2025-01-24T02:49:16,30,0,0,30
2025-01-24T03:23:20,30,0,0,30
2025-01-24T03:57:23,30,0,0,30
2025-01-24T04:52:24,30,0,0,30
2025-01-24T05:26:28,30,0,0,30
2025-01-24T06:00:33,30,0,0,30
2025-01-24T06:34:37,30,0,0,30
2025-01-24T07:08:45,30,0,0,30
2025-01-24T07:42:47,30,0,0,30
2025-01-24T08:16:47,30,0,0,30
2025-01-24T08:50:48,30,0,0,30
2025-01-24T09:24:47,30,0,0,30
2025-01-24T09:58:53,30,0,0,30
2025-01-24T10:32:52,30,0,0,30
2025-01-24T11:06:50,30,0,0,30
2025-01-24T11:40:58,30,0,0,30
2025-01-24T12:14:55,30,0,0,30
2025-01-24T12:48:53,30,0,0,30
2025-01-24T13:22:52,30,0,0,30
2025-01-24T13:56:59,30,0,0,30
2025-01-24T14:30:58,30,0,0,30
2025-01-24T15:04:57,30,0,0,30
2025-01-24T15:39:04,30,0,0,30
2025-01-24T16:13:02,30,0,0,30
2025-01-24T16:47:02,30,0,0,30
2025-01-24T17:21:12,30,0,0,30
2025-01-24T17:55:09,30,0,0,30
2025-01-24T18:29:06,30,0,0,30
2025-01-24T19:03:04,30,0,0,30
2025-01-24T19:37:04,30,0,0,30
2025-01-24T20:11:02,30,0,0,30
2025-01-24T20:45:10,30,0,0,30
2025-01-24T21:19:09,30,0,0,30
2025-01-24T21:53:09,30,0,0,30
2025-01-24T22:27:07,30,0,0,30
2025-01-24T23:01:05,30,0,0,30
2025-01-24T23:35:06,30,0,0,30
2025-01-25T00:09:05,30,0,0,30
2025-01-25T00:43:19,30,0,0,30
2025-01-25T01:17:23,30,0,0,30
2025-01-25T01:51:26,30,0,0,30
2025-01-25T02:25:26,30,0,0,30
2025-01-25T02:59:26,30,0,0,30
2025-01-25T03:34:11,30,0,0,30
2025-01-25T04:40:08,30,0,0,30
2025-01-25T05:14:12,30,0,0,30
2025-01-25T05:48:15,30,0,0,30
2025-01-25T06:22:21,30,0,0,30
2025-01-25T06:56:25,30,0,0,30
2025-01-25T07:30:29,30,0,0,30
2025-01-25T08:04:32,30,0,0,30
2025-01-25T08:38:46,30,0,0,30
2025-01-25T09:12:45,30,0,0,30
2025-01-25T09:46:45,30,0,0,30
2025-01-25T10:20:44,30,0,0,30
2025-01-25T10:54:42,30,0,0,30
2025-01-25T11:28:40,30,0,0,30
2025-01-25T12:02:45,30,0,0,30
2025-01-25T12:36:42,30,0,0,30
2025-01-25T13:10:39,30,0,0,30
2025-01-25T13:44:35,30,0,0,30
2025-01-25T14:18:33,30,0,0,30
2025-01-25T14:52:30,30,0,0,30
2025-01-25T15:26:38,30,0,0,30
2025-01-25T16:00:36,30,0,0,30
2025-01-25T16:34:35,30,0,0,30
2025-01-25T17:08:32,30,0,0,30
2025-01-25T17:42:31,30,0,0,30
2025-01-25T18:16:38,30,0,0,30
2025-01-25T18:50:37,30,0,0,30
2025-01-25T19:24:35,30,0,0,30
2025-01-25T19:58:34,30,0,0,30
2025-01-25T20:32:32,30,0,0,30
2025-01-25T21:06:46,30,0,0,30
2025-01-25T21:40:47,30,0,0,30
2025-01-25T22:14:46,30,0,0,30
2025-01-25T22:48:45,30,0,0,30
2025-01-25T23:22:46,30,0,0,30
2025-01-25T23:56:45,30,0,0,30
2025-01-26T00:30:49,30,0,0,30
2025-01-26T01:04:50,30,0,0,30
2025-01-26T01:38:57,30,0,0,30
2025-01-26T02:12:57,30,0,0,30
2025-01-26T02:46:55,30,0,0,30
2025-01-26T03:20:54,30,0,0,30
2025-01-26T03:55:35,30,0,0,30
2025-01-31T11:14:53,30,0,0,30
2025-01-31T11:48:53,30,0,0,30
2025-01-31T12:22:59,30,0,0,30
